00000000000000 00000000000000 00000000000000
11111111100110 11111111100110 11111111100110
11111111010011 11111111010011 11111111010011
11111111001111 11111111001111 11111111010000
11111111011100 11111111011101 11111111011111
11111111110111 11111111111010 11111111111110
00000000011001 00000000011110 00000000100011
00000000110111 00000000111101 00000001000011
00000001000111 00000001001101 00000001010011
00000001000100 00000001001000 00000001001100
00000000101101 00000000101101 00000000101110
00000000000111 00000000000001 11111111111111
11111111011011 11111111001111 11111111001001
11111110110100 11111110100011 11111110011010
11111110011100 11111110001001 11111101111110
11111110011010 11111110001001 11111101111110
11111110110001 11111110100101 11111110011100
11111111011110 11111111011001 11111111010100
00000000011001 00000000011101 00000000011100
00000001011001 00000001100110 00000001101001
00000010010011 00000010101000 00000010101110
00000010111011 00000011010101 00000011011100
00000011000111 00000011100001 00000011100110
00000010110011 00000011000110 00000011000111
00000010000001 00000010001001 00000010000011
00000000111001 00000000110011 00000000100011
11111111100100 11111111001101 11111110110000
11111110001001 11111101011111 11111100110001
11111100110000 11111011110011 11111010110100
11111011100111 11111010011101 11111001010110
11111010111111 11111001111010 11111001000010
11111011000111 11111010011100 11111010000111
11111011111100 11111011111001 11111100001101
11111101001110 11111101111000 11111110110111
11111110101100 00000000001010 00000010000001
00000000001010 00000010101110 00000101110110
00000001100001 00000101100011 00001001111100
00000010100101 00001000001011 00001011101110
00000011000101 00001001010001 00001000110110
00000010110110 00000111111101 00000100001010
00000010000001 00000101011100 11111111000011
00000000111010 00000011000001 11111000110101
11111111110011 00000001001100 11110001101111
11111110111111 00000000010000 11110010000101
11111110110111 00000000101010 11111001001110
11111111011010 00000010100010 11111111110001
00000000001111 00000101101111 00000110010010
00000001000001 00001001111111 00001101100010
00000001011000 00001100111001 00001110110100
00000000101100 00001010011000 00000111010000
