00000000000000 00000000000000 00000000000000
11111111110011 11111111110001 11111111101111
11111111101001 11111111100110 11111111100011
11111111101000 11111111100100 11111111100000
11111111101111 11111111101100 11111111101001
11111111111110 11111111111101 11111111111011
00000000010000 00000000010001 00000000010001
00000000011111 00000000100011 00000000100101
00000000100111 00000000101100 00000000101111
00000000100100 00000000101001 00000000101100
00000000010110 00000000011001 00000000011100
11111111111111 00000000000001 00000000000010
11111111100110 11111111100100 11111111100100
11111111001111 11111111001011 11111111001001
11111111000010 11111110111100 11111110111001
11111111000010 11111110111100 11111110111001
11111111010000 11111111001011 11111111001001
11111111101011 11111111101001 11111111101000
00000000001101 00000000001111 00000000010001
00000000110011 00000000110111 00000000111101
00000001010100 00000001011100 00000001100100
00000001101010 00000001110101 00000001111111
00000001110000 00000001111011 00000010000111
00000001100001 00000001101100 00000001111000
00000001000001 00000001001001 00000001010100
00000000010100 00000000011000 00000000100010
11111111011110 11111111011101 11111111100110
11111110100011 11111110011101 11111110100101
11111101101001 11111101011110 11111101100110
11111100111101 11111100101110 11111100110011
11111100110000 11111100011110 11111100011011
11111101001010 11111100111000 11111100101010
11111110000100 11111101110011 11111101011001
11111111001110 11111111000000 11111110011101
00000000100110 00000000011011 11111111101011
00000010001101 00000010000110 00000001000000
00000011111101 00000011110101 00000010011000
00000101000001 00000100101011 00000011100111
00000100011100 00000011110001 00000100001001
00000010110110 00000010000100 00000011100111
00000000111000 00000000000101 00000010011111
11111110100111 11111101101001 00000001010100
11111100001111 11111010111010 00000000010111
11111100001000 11111010110111 11111111110011
11111110001110 11111101010111 11111111111010
00000000011101 11111111110010 00000000101110
00000010111110 00000010010001 00000010000101
00000101111010 00000100111111 00000011110100
00000110111000 00000101100001 00000100111100
00000100001110 00000010101101 00000011110111
