[[0 0]] [[     0 -32768]
 [-32768      0]] [[0 0]] [[0 0]]
[[  0 982]] [[     0 -32768]
 [-32768      0]] [[-3217032        0]] [[-99   0]]
[[   0 1876]] [[     0 -32768]
 [-32768      0]] [[-6145776        0]] [[-188    0]]
[[  17 2602]] [[     0 -32768]
 [-32768      0]] [[-8524152   -55692]] [[-261   -2]]
[[  67 3097]] [[     0 -32768]
 [-32768      0]] [[-10145772   -219492]] [[-310   -7]]
[[ 158 3319]] [[     0 -32768]
 [-32768      0]] [[-10873044   -517608]] [[-332  -16]]
[[ 291 3252]] [[     0 -32768]
 [-32768      0]] [[-10653552   -953316]] [[-326  -30]]
[[ 460 2908]] [[     0 -32768]
 [-32768      0]] [[-9526608 -1506960]] [[-291  -46]]
[[ 649 2323]] [[     0 -32768]
 [-32768      0]] [[-7610148 -2126124]] [[-233  -65]]
[[ 837 1552]] [[     0 -32768]
 [-32768      0]] [[-5084352 -2742012]] [[-156  -84]]
[[1000  667]] [[     0 -32768]
 [-32768      0]] [[-2185092 -3276000]] [[ -67 -100]]
[[1110 -257]] [[     0 -32768]
 [-32768      0]] [[  841932 -3636360]] [[  25 -111]]
[[ 1145 -1142]] [[     0 -32768]
 [-32768      0]] [[ 3741192 -3751020]] [[ 114 -115]]
[[ 1086 -1917]] [[     0 -32768]
 [-32768      0]] [[ 6280092 -3557736]] [[ 191 -109]]
[[  923 -2522]] [[     0 -32768]
 [-32768      0]] [[ 8262072 -3023748]] [[252 -93]]
[[  656 -2913]] [[     0 -32768]
 [-32768      0]] [[ 9542988 -2149056]] [[291 -66]]
[[  294 -3065]] [[     0 -32768]
 [-32768      0]] [[10040940  -963144]] [[306 -30]]
[[ -141 -2974]] [[     0 -32768]
 [-32768      0]] [[9742824  461916]] [[297  14]]
[[ -621 -2656]] [[     0 -32768]
 [-32768      0]] [[8701056 2034396]] [[265  62]]
[[-1109 -2147]] [[     0 -32768]
 [-32768      0]] [[7033572 3633084]] [[214 110]]
[[-1566 -1495]] [[     0 -32768]
 [-32768      0]] [[4897620 5130216]] [[149 156]]
[[-1952  -758]] [[     0 -32768]
 [-32768      0]] [[2483208 6394752]] [[ 75 195]]
[[-2229     3]] [[     0 -32768]
 [-32768      0]] [[  -9828 7302204]] [[ -1 222]]
[[-2367   729]] [[     0 -32768]
 [-32768      0]] [[-2388204  7754292]] [[-73 236]]
[[-2345  1367]] [[     0 -32768]
 [-32768      0]] [[-4478292  7682220]] [[-137  234]]
[[-2155  1873]] [[     0 -32768]
 [-32768      0]] [[-6135948  7059780]] [[-188  215]]
[[-1800  2216]] [[     0 -32768]
 [-32768      0]] [[-7259616  5896800]] [[-222  179]]
[[-1297  2379]] [[     0 -32768]
 [-32768      0]] [[-7793604  4248972]] [[-238  129]]
[[-672 2361]] [[     0 -32768]
 [-32768      0]] [[-7734636  2201472]] [[-237   67]]
[[  37 2174]] [[     0 -32768]
 [-32768      0]] [[-7122024  -121212]] [[-218   -4]]
[[ 786 1844]] [[     0 -32768]
 [-32768      0]] [[-6040944 -2574936]] [[-185  -79]]
[[1529 1406]] [[     0 -32768]
 [-32768      0]] [[-4606056 -5009004]] [[-141 -153]]
[[2217  900]] [[     0 -32768]
 [-32768      0]] [[-2948400 -7262892]] [[ -90 -222]]
[[2803  372]] [[     0 -32768]
 [-32768      0]] [[-1218672 -9182628]] [[ -38 -281]]
[[3246 -137]] [[     0 -32768]
 [-32768      0]] [[   448812 -10633896]] [[  13 -325]]
[[3514 -588]] [[     0 -32768]
 [-32768      0]] [[  1926288 -11511864]] [[  58 -352]]
[[3585 -948]] [[     0 -32768]
 [-32768      0]] [[  3105648 -11744460]] [[  94 -359]]
[[ 3451 -1195]] [[     0 -32768]
 [-32768      0]] [[  3914820 -11305476]] [[ 119 -346]]
[[ 3116 -1315]] [[     0 -32768]
 [-32768      0]] [[  4307940 -10208016]] [[ 131 -312]]
[[ 2599 -1307]] [[     0 -32768]
 [-32768      0]] [[ 4281732 -8514324]] [[ 130 -260]]
[[ 1928 -1177]] [[     0 -32768]
 [-32768      0]] [[ 3855852 -6316128]] [[ 117 -193]]
[[1141 -944]] [[     0 -32768]
 [-32768      0]] [[ 3092544 -3737916]] [[  94 -115]]
[[ 280 -631]] [[     0 -32768]
 [-32768      0]] [[2067156 -917280]] [[ 63 -28]]
[[-611 -268]] [[     0 -32768]
 [-32768      0]] [[ 877968 2001636]] [[26 61]]
[[-1486   112]] [[     0 -32768]
 [-32768      0]] [[-366912 4868136]] [[-12 148]]
[[-2299   477]] [[     0 -32768]
 [-32768      0]] [[-1562652  7531524]] [[-48 229]]
[[-3010   795]] [[     0 -32768]
 [-32768      0]] [[-2604420  9860760]] [[-80 300]]
[[-3582  1039]] [[     0 -32768]
 [-32768      0]] [[-3403764 11734632]] [[-104  358]]
[[-3987  1187]] [[     0 -32768]
 [-32768      0]] [[-3888612 13061412]] [[-119  398]]
[[-4205  1224]] [[     0 -32768]
 [-32768      0]] [[-4009824 13775580]] [[-123  420]]
[[-4228  1143]] [[     0 -32768]
 [-32768      0]] [[-3744468 13850928]] [[-115  422]]
[[-4058   943]] [[     0 -32768]
 [-32768      0]] [[-3089268 13294008]] [[-95 405]]
[[-3709   634]] [[     0 -32768]
 [-32768      0]] [[-2076984 12150684]] [[-64 370]]
[[-3204   230]] [[     0 -32768]
 [-32768      0]] [[ -753480 10496304]] [[-23 320]]
[[-2572  -248]] [[     0 -32768]
 [-32768      0]] [[ 812448 8425872]] [[ 24 257]]
[[-1848  -775]] [[     0 -32768]
 [-32768      0]] [[2538900 6054048]] [[ 77 184]]
[[-1069 -1323]] [[     0 -32768]
 [-32768      0]] [[4334148 3502044]] [[132 106]]
[[ -270 -1863]] [[     0 -32768]
 [-32768      0]] [[6103188  884520]] [[186  26]]
[[  514 -2365]] [[     0 -32768]
 [-32768      0]] [[ 7747740 -1683864]] [[236 -52]]
[[ 1250 -2802]] [[     0 -32768]
 [-32768      0]] [[ 9179352 -4095000]] [[ 280 -125]]
[[ 1909 -3148]] [[     0 -32768]
 [-32768      0]] [[10312848 -6253884]] [[ 314 -191]]
[[ 2466 -3382]] [[     0 -32768]
 [-32768      0]] [[11079432 -8078616]] [[ 338 -247]]
[[ 2902 -3489]] [[     0 -32768]
 [-32768      0]] [[11429964 -9506952]] [[ 348 -291]]
[[ 3203 -3460]] [[     0 -32768]
 [-32768      0]] [[ 11334960 -10493028]] [[ 345 -321]]
[[ 3361 -3290]] [[     0 -32768]
 [-32768      0]] [[ 10778040 -11010636]] [[ 328 -337]]
[[ 3377 -2983]] [[     0 -32768]
 [-32768      0]] [[  9772308 -11063052]] [[ 298 -338]]
[[ 3257 -2548]] [[     0 -32768]
 [-32768      0]] [[  8347248 -10669932]] [[ 254 -326]]
[[ 3012 -1998]] [[     0 -32768]
 [-32768      0]] [[ 6545448 -9867312]] [[ 199 -302]]
[[ 2661 -1350]] [[     0 -32768]
 [-32768      0]] [[ 4422600 -8717436]] [[ 134 -267]]
[[2223 -623]] [[     0 -32768]
 [-32768      0]] [[ 2040948 -7282548]] [[  62 -223]]
[[1722  164]] [[     0 -32768]
 [-32768      0]] [[ -537264 -5641272]] [[ -17 -173]]
[[1183  988]] [[     0 -32768]
 [-32768      0]] [[-3236688 -3875508]] [[ -99 -119]]
[[ 629 1829]] [[     0 -32768]
 [-32768      0]] [[-5991804 -2060604]] [[-183  -63]]
[[  85 2666]] [[     0 -32768]
 [-32768      0]] [[-8733816  -278460]] [[-267   -9]]
[[-427 3478]] [[     0 -32768]
 [-32768      0]] [[-11393928   1398852]] [[-348   42]]
[[-885 4246]] [[     0 -32768]
 [-32768      0]] [[-13909896   2899260]] [[-425   88]]
[[-1271  4950]] [[     0 -32768]
 [-32768      0]] [[-16216200   4163796]] [[-495  127]]
[[-1568  5572]] [[     0 -32768]
 [-32768      0]] [[-18253872   5136768]] [[-558  156]]
[[-1763  6097]] [[     0 -32768]
 [-32768      0]] [[-19973772   5775588]] [[-610  176]]
[[-1843  6513]] [[     0 -32768]
 [-32768      0]] [[-21336588   6037668]] [[-652  184]]
[[-1802  6812]] [[     0 -32768]
 [-32768      0]] [[-22316112   5903352]] [[-682  180]]
[[-1633  6992]] [[     0 -32768]
 [-32768      0]] [[-22905792   5349708]] [[-700  163]]
[[-1334  7056]] [[     0 -32768]
 [-32768      0]] [[-23115456   4370184]] [[-706  133]]
[[-904 7012]] [[     0 -32768]
 [-32768      0]] [[-22971312   2961504]] [[-702   90]]
[[-345 6875]] [[     0 -32768]
 [-32768      0]] [[-22522500   1130220]] [[-688   34]]
[[ 341 6663]] [[     0 -32768]
 [-32768      0]] [[-21827988  -1117116]] [[-667  -35]]
[[1151 6399]] [[     0 -32768]
 [-32768      0]] [[-20963124  -3770676]] [[-640 -116]]
[[2083 6107]] [[     0 -32768]
 [-32768      0]] [[-20006532  -6823908]] [[-611 -209]]
[[3134 5814]] [[     0 -32768]
 [-32768      0]] [[-19046664 -10266984]] [[-582 -314]]
[[4302 5547]] [[     0 -32768]
 [-32768      0]] [[-18171972 -14093352]] [[-555 -431]]
[[5582 5335]] [[     0 -32768]
 [-32768      0]] [[-17477460 -18286632]] [[-534 -559]]
[[6966 5206]] [[     0 -32768]
 [-32768      0]] [[-17054856 -22820616]] [[-521 -697]]
[[8437 5191]] [[     0 -32768]
 [-32768      0]] [[-17005716 -27639612]] [[-519 -844]]
[[9969 5319]] [[     0 -32768]
 [-32768      0]] [[-17425044 -32658444]] [[-532 -997]]
[[11519  5622]] [[     0 -32768]
 [-32768      0]] [[-18417672 -37736244]] [[ -563 -1152]]
[[13026  6132]] [[     0 -32768]
 [-32768      0]] [[-20088432 -42673176]] [[ -614 -1303]]
[[14410  6880]] [[     0 -32768]
 [-32768      0]] [[-22538880 -47207160]] [[ -688 -1441]]
[[15580  7892]] [[     0 -32768]
 [-32768      0]] [[-25854192 -51040080]] [[ -790 -1558]]
[[16448  9187]] [[     0 -32768]
 [-32768      0]] [[-30096612 -53883648]] [[ -919 -1645]]
[[16950 10766]] [[     0 -32768]
 [-32768      0]] [[-35269416 -55528200]] [[-1077 -1695]]
[[17065 12598]] [[     0 -32768]
 [-32768      0]] [[-41271048 -55904940]] [[-1260 -1707]]
[[16824 14610]] [[     0 -32768]
 [-32768      0]] [[-47862360 -55115424]] [[-1461 -1682]]
[[16309 16665]] [[     0 -32768]
 [-32768      0]] [[-54594540 -53428284]] [[-1667 -1631]]
[[15636 18559]] [[     0 -32768]
 [-32768      0]] [[-60799284 -51223536]] [[-1856 -1564]]
[[14932 20043]] [[     0 -32768]
 [-32768      0]] [[-65660868 -48917232]] [[-2004 -1493]]
[[14317 20878]] [[     0 -32768]
 [-32768      0]] [[-68396328 -46902492]] [[-2088 -1432]]
[[13885 20916]] [[     0 -32768]
 [-32768      0]] [[-68520816 -45487260]] [[-2092 -1389]]
[[13701 20160]] [[     0 -32768]
 [-32768      0]] [[-66044160 -44884476]] [[-2016 -1370]]
[[13793 18768]] [[     0 -32768]
 [-32768      0]] [[-61483968 -45185868]] [[-1877 -1379]]
[[14156 16987]] [[     0 -32768]
 [-32768      0]] [[-55649412 -46375056]] [[-1699 -1416]]
[[14754 15080]] [[     0 -32768]
 [-32768      0]] [[-49402080 -48334104]] [[-1508 -1476]]
[[15523 13266]] [[     0 -32768]
 [-32768      0]] [[-43459416 -50853348]] [[-1327 -1552]]
[[16378 11703]] [[     0 -32768]
 [-32768      0]] [[-38339028 -53654328]] [[-1171 -1638]]
[[17219 10497]] [[     0 -32768]
 [-32768      0]] [[-34388172 -56409444]] [[-1050 -1722]]
[[17942  9713]] [[     0 -32768]
 [-32768      0]] [[-31819788 -58777992]] [[ -972 -1794]]
[[18454  9393]] [[     0 -32768]
 [-32768      0]] [[-30771468 -60455304]] [[ -940 -1845]]
[[18692  9565]] [[     0 -32768]
 [-32768      0]] [[-31334940 -61234992]] [[ -957 -1869]]
[[18637 10246]] [[     0 -32768]
 [-32768      0]] [[-33565896 -61054812]] [[-1025 -1864]]
[[18320 11441]] [[     0 -32768]
 [-32768      0]] [[-37480716 -60016320]] [[-1144 -1832]]
[[17816 13132]] [[     0 -32768]
 [-32768      0]] [[-43020432 -58365216]] [[-1313 -1782]]
[[17231 15261]] [[     0 -32768]
 [-32768      0]] [[-49995036 -56448756]] [[-1526 -1723]]
[[16682 17697]] [[     0 -32768]
 [-32768      0]] [[-57975372 -54650232]] [[-1770 -1668]]
[[16283 20208]] [[     0 -32768]
 [-32768      0]] [[-66201408 -53343108]] [[-2021 -1628]]
[[16135 22450]] [[     0 -32768]
 [-32768      0]] [[-73546200 -52858260]] [[-2245 -1614]]
[[16314 24017]] [[     0 -32768]
 [-32768      0]] [[-78679692 -53444664]] [[-2402 -1632]]
[[16862 24572]] [[     0 -32768]
 [-32768      0]] [[-80497872 -55239912]] [[-2457 -1686]]
[[17773 24003]] [[     0 -32768]
 [-32768      0]] [[-78633828 -58224348]] [[-2400 -1777]]
[[18978 22490]] [[     0 -32768]
 [-32768      0]] [[-73677240 -62171928]] [[-2249 -1898]]
[[20336 20417]] [[     0 -32768]
 [-32768      0]] [[-66886092 -66620736]] [[-2042 -2034]]
[[21639 18213]] [[     0 -32768]
 [-32768      0]] [[-59665788 -70889364]] [[-1821 -2164]]
[[22646 16234]] [[     0 -32768]
 [-32768      0]] [[-53182584 -74188296]] [[-1624 -2265]]
[[23142 14721]] [[     0 -32768]
 [-32768      0]] [[-48225996 -75813192]] [[-1472 -2314]]
[[23009 13817]] [[     0 -32768]
 [-32768      0]] [[-45264492 -75377484]] [[-1382 -2301]]
[[22274 13593]] [[     0 -32768]
 [-32768      0]] [[-44530668 -72969624]] [[-1359 -2227]]
[[21096 14071]] [[     0 -32768]
 [-32768      0]] [[-46096596 -69110496]] [[-1407 -2110]]
[[19711 15232]] [[     0 -32768]
 [-32768      0]] [[-49900032 -64573236]] [[-1523 -1971]]
[[18366 17007]] [[     0 -32768]
 [-32768      0]] [[-55714932 -60167016]] [[-1701 -1837]]
[[17274 19254]] [[     0 -32768]
 [-32768      0]] [[-63076104 -56589624]] [[-1925 -1727]]
[[16599 21722]] [[     0 -32768]
 [-32768      0]] [[-71161272 -54378324]] [[-2172 -1660]]
[[16458 24032]] [[     0 -32768]
 [-32768      0]] [[-78728832 -53916408]] [[-2403 -1646]]
[[16925 25722]] [[     0 -32768]
 [-32768      0]] [[-84265272 -55446300]] [[-2572 -1693]]
[[18022 26390]] [[     0 -32768]
 [-32768      0]] [[-86453640 -59040072]] [[-2639 -1802]]
[[19696 25886]] [[     0 -32768]
 [-32768      0]] [[-84802536 -64524096]] [[-2588 -1970]]
[[21782 24399]] [[     0 -32768]
 [-32768      0]] [[-79931124 -71357832]] [[-2440 -2178]]
[[23971 22366]] [[     0 -32768]
 [-32768      0]] [[-73271016 -78528996]] [[-2237 -2397]]
[[25824 20281]] [[     0 -32768]
 [-32768      0]] [[-66440556 -84599424]] [[-2028 -2582]]
[[26873 18548]] [[     0 -32768]
 [-32768      0]] [[-60763248 -88035948]] [[-1855 -2687]]
[[26811 17436]] [[     0 -32768]
 [-32768      0]] [[-57120336 -87832836]] [[-1744 -2681]]
[[25654 17091]] [[     0 -32768]
 [-32768      0]] [[-55990116 -84042504]] [[-1709 -2565]]
[[23732 17559]] [[     0 -32768]
 [-32768      0]] [[-57523284 -77746032]] [[-1756 -2373]]
[[21524 18799]] [[     0 -32768]
 [-32768      0]] [[-61585524 -70512624]] [[-1880 -2152]]
[[19476 20677]] [[     0 -32768]
 [-32768      0]] [[-67737852 -63803376]] [[-2068 -1948]]
[[17921 22939]] [[     0 -32768]
 [-32768      0]] [[-75148164 -58709196]] [[-2294 -1792]]
[[17074 25193]] [[     0 -32768]
 [-32768      0]] [[-82532268 -55934424]] [[-2519 -1707]]
[[17063 26946]] [[     0 -32768]
 [-32768      0]] [[-88275096 -55898388]] [[-2694 -1706]]
[[17949 27740]] [[     0 -32768]
 [-32768      0]] [[-90876240 -58800924]] [[-2774 -1795]]
[[19711 27366]] [[     0 -32768]
 [-32768      0]] [[-89651016 -64573236]] [[-2736 -1971]]
[[22205 25984]] [[     0 -32768]
 [-32768      0]] [[-85123584 -72743580]] [[-2598 -2220]]
[[25087 24041]] [[     0 -32768]
 [-32768      0]] [[-78758316 -82185012]] [[-2404 -2509]]
[[27773 22070]] [[     0 -32768]
 [-32768      0]] [[-72301320 -90984348]] [[-2207 -2777]]
[[29526 20516]] [[     0 -32768]
 [-32768      0]] [[-67210416 -96727176]] [[-2052 -2952]]
[[29759 19680]] [[     0 -32768]
 [-32768      0]] [[-64471680 -97490484]] [[-1968 -2976]]
[[28392 19717]] [[     0 -32768]
 [-32768      0]] [[-64592892 -93012192]] [[-1972 -2839]]
[[25909 20649]] [[     0 -32768]
 [-32768      0]] [[-67646124 -84877884]] [[-2065 -2591]]
[[23053 22359]] [[     0 -32768]
 [-32768      0]] [[-73248084 -75521628]] [[-2236 -2305]]
[[20486 24574]] [[     0 -32768]
 [-32768      0]] [[-80504424 -67112136]] [[-2457 -2049]]
[[18654 26844]] [[     0 -32768]
 [-32768      0]] [[-87940944 -61110504]] [[-2684 -1865]]
[[17812 28593]] [[     0 -32768]
 [-32768      0]] [[-93670668 -58352112]] [[-2859 -1781]]
[[18086 29297]] [[     0 -32768]
 [-32768      0]] [[-95976972 -59249736]] [[-2929 -1809]]
[[19508 28737]] [[     0 -32768]
 [-32768      0]] [[-94142412 -63908208]] [[-2873 -1951]]
[[21986 27137]] [[     0 -32768]
 [-32768      0]] [[-88900812 -72026136]] [[-2714 -2199]]
[[25221 25034]] [[     0 -32768]
 [-32768      0]] [[-82011384 -82623996]] [[-2503 -2522]]
[[28602 23026]] [[     0 -32768]
 [-32768      0]] [[-75433176 -93700152]] [[-2303 -2860]]
[[31203 21593]] [[     0 -32768]
 [-32768      0]] [[ -70738668 -102221028]] [[-2159 -3120]]
[[32096 21042]] [[     0 -32768]
 [-32768      0]] [[ -68933592 -105146496]] [[-2104 -3209]]
[[30926 21517]] [[     0 -32768]
 [-32768      0]] [[ -70489692 -101313576]] [[-2152 -3092]]
[[28187 22994]] [[     0 -32768]
 [-32768      0]] [[-75328344 -92340612]] [[-2299 -2819]]
[[24855 25253]] [[     0 -32768]
 [-32768      0]] [[-82728828 -81424980]] [[-2525 -2485]]
[[21837 27832]] [[     0 -32768]
 [-32768      0]] [[-91177632 -71538012]] [[-2783 -2184]]
[[19724 30044]] [[     0 -32768]
 [-32768      0]] [[-98424144 -64615824]] [[-3004 -1972]]
[[18831 31157]] [[     0 -32768]
 [-32768      0]] [[-102070332  -61690356]] [[-3115 -1883]]
[[19294 30756]] [[     0 -32768]
 [-32768      0]] [[-100756656  -63207144]] [[-3075 -1929]]
[[21116 29010]] [[     0 -32768]
 [-32768      0]] [[-95036760 -69176016]] [[-2901 -2112]]
[[24129 26561]] [[     0 -32768]
 [-32768      0]] [[-87013836 -79046604]] [[-2656 -2413]]
[[27866 24166]] [[     0 -32768]
 [-32768      0]] [[-79167816 -91289016]] [[-2417 -2786]]
[[31437 22426]] [[     0 -32768]
 [-32768      0]] [[ -73467576 -102987612]] [[-2243 -3143]]
[[33633 21722]] [[     0 -32768]
 [-32768      0]] [[ -71161272 -110181708]] [[-2172 -3363]]
[[33528 22237]] [[     0 -32768]
 [-32768      0]] [[ -72848412 -109837728]] [[-2224 -3352]]
[[31193 23966]] [[     0 -32768]
 [-32768      0]] [[ -78512616 -102188268]] [[-2397 -3119]]
[[27644 26659]] [[     0 -32768]
 [-32768      0]] [[-87334884 -90561744]] [[-2666 -2764]]
[[24093 29735]] [[     0 -32768]
 [-32768      0]] [[-97411860 -78928668]] [[-2973 -2409]]
[[21412 32276]] [[     0 -32768]
 [-32768      0]] [[-105736176  -70145712]] [[-3227 -2141]]
[[20074 33312]] [[     0 -32768]
 [-32768      0]] [[-109130112  -65762424]] [[-3331 -2007]]
[[20282 32389]] [[     0 -32768]
 [-32768      0]] [[-106106364  -66443832]] [[-3239 -2028]]
[[22059 29913]] [[     0 -32768]
 [-32768      0]] [[-97994988 -72265284]] [[-2991 -2206]]
[[25218 26839]] [[     0 -32768]
 [-32768      0]] [[-87924564 -82614168]] [[-2684 -2522]]
[[29225 24112]] [[     0 -32768]
 [-32768      0]] [[-78990912 -95741100]] [[-2411 -2922]]
[[33036 22381]] [[     0 -32768]
 [-32768      0]] [[ -73320156 -108225936]] [[-2238 -3303]]
[[35236 22006]] [[     0 -32768]
 [-32768      0]] [[ -72091656 -115433136]] [[-2201 -3523]]
[[34808 23126]] [[     0 -32768]
 [-32768      0]] [[ -75760776 -114031008]] [[-2313 -3480]]
