00000000000000000000 00000000000000000000
00000000000000000000 00000000001111010110
00000000000000000000 00000000011101010100
00000000000000010001 00000000101000101010
00000000000001000011 00000000110000011001
00000000000010011110 00000000110011110111
00000000000100100011 00000000110010110100
00000000000111001100 00000000101101011100
00000000001010001001 00000000100100010011
00000000001101000101 00000000011000010000
00000000001111101000 00000000001010011011
00000000010001010110 11111111111011111111
00000000010001111001 11111111101110001010
00000000010000111110 11111111100010000011
00000000001110011011 11111111011000100110
00000000001010010000 11111111010010011111
00000000000100100110 11111111010000000111
11111111111101110011 11111111010001100010
11111111110110010011 11111111010110100000
11111111101110101011 11111111011110011101
11111111100111100010 11111111101000101001
11111111100001100000 11111111110100001010
11111111011101001011 00000000000000000011
11111111011011000001 00000000001011011001
11111111011011010111 00000000010101010111
11111111011110010101 00000000011101010001
11111111100011111000 00000000100010101000
11111111101011101111 00000000100101001011
11111111110101100000 00000000100100111001
00000000000000100101 00000000100001111110
00000000001100010010 00000000011100110100
00000000010111111001 00000000010101111110
00000000100010101001 00000000001110000100
00000000101011110011 00000000000101110100
00000000110010101110 11111111111101110111
00000000110110111010 11111111110110110100
00000000111000000001 11111111110001001100
00000000110101111011 11111111101101010101
00000000110000101100 11111111101011011101
00000000101000100111 11111111101011100101
00000000011110001000 11111111101101100111
00000000010001110101 11111111110001010000
00000000000100011000 11111111110110001001
11111111110110011101 11111111111011110100
11111111101000110010 00000000000001110000
11111111011100000101 00000000000111011101
11111111010000111110 00000000001100011011
11111111001000000010 00000000010000001111
11111111000001101101 00000000010010100011
11111110111110010011 00000000010011001000
11111110111101111100 00000000010001110111
11111111000000100110 00000000001110101111
11111111000110000011 00000000001001111010
11111111001101111100 00000000000011100110
11111111010111110100 11111111111100001000
11111111100011001000 11111111110011111001
11111111101111010011 11111111101011010101
11111111111011110010 11111111100010111001
00000000001000000010 11111111011011000011
00000000010011100010 11111111010100001110
00000000011101110101 11111111001110110100
00000000100110100010 11111111001011001010
00000000101101010110 11111111001001011111
00000000110010000011 11111111001001111100
00000000110100100001 11111111001100100110
00000000110100110001 11111111010001011001
00000000110010111001 11111111011000001100
00000000101111000100 11111111100000110010
00000000101001100101 11111111101010111010
00000000100010101111 11111111110110010001
00000000011010111010 00000000000010100100
00000000010010011111 00000000001111011100
00000000001001110101 00000000011100100101
00000000000001010101 00000000101001101010
11111111111001010101 00000000110110010110
11111111110010001011 00000001000010010110
11111111101100001001 00000001001101010110
11111111100111100000 00000001010111000100
11111111100100011101 00000001011111010001
11111111100011001101 00000001100101110001
11111111100011110110 00000001101010011100
11111111100110011111 00000001101101010000
11111111101011001010 00000001101110010000
11111111110001111000 00000001101101100100
11111111111010100111 00000001101011011011
00000000000101010101 00000001101000000111
00000000010001111111 00000001100011111111
00000000100000100011 00000001011111011011
00000000110000111110 00000001011010110110
00000001000011001110 00000001010110101011
00000001010111001110 00000001010011010111
00000001101100110110 00000001010001010110
00000010000011110101 00000001010001000111
00000010011011110001 00000001010011000111
00000010110011111111 00000001010111110110
00000011001011100010 00000001011111110100
00000011100001001010 00000001101011100000
00000011110011011100 00000001111011010100
00000100000001000000 00000010001111100011
00000100001000110110 00000010101000001110
00000100001010101001 00000011000100110110
00000100000110111000 00000011100100010010
00000011111110110101 00000100000100011001
00000011110100010100 00000100100001111111
00000011101001010100 00000100111001001011
00000011011111101101 00000101000110001110
00000011011000111101 00000101000110110100
00000011010110000101 00000100111011000000
00000011010111100001 00000100100101010000
00000011011101001100 00000100001001011011
00000011100110100010 00000011101011101000
00000011110010100011 00000011001111010010
00000011111111111010 00000010110110110111
00000100001101000011 00000010100100000001
00000100011000010110 00000010010111110001
00000100100000010110 00000010010010110001
00000100100100000100 00000010010101011101
00000100100011001101 00000010100000000110
00000100011110010000 00000010110010110001
00000100010110011000 00000011001101001100
00000100001101001111 00000011101110011101
00000100000100101010 00000100010100100001
00000011111110011011 00000100111011110000
00000011111100000111 00000101011110110010
00000011111110111010 00000101110111010001
00000100000111011110 00000101111111111100
00000100010101101101 00000101110111000011
00000100101000100010 00000101011111011010
00000100111101110000 00000100111111000001
00000101010010000111 00000100011100100101
00000101100001110110 00000011111101101010
00000101101001100110 00000011100110000001
00000101100111100001 00000011010111111001
00000101011100000010 00000011010100011001
00000101001001101000 00000011011011110111
00000100110011111111 00000011101110000000
00000100011110111110 00000100001001101111
00000100001101111010 00000100101100110110
00000100000011010111 00000101010011011010
00000100000001001010 00000101110111100000
00000100001000011101 00000110010001111010
00000100011001100110 00000110011100010110
00000100110011110000 00000110010100011110
00000101010100010110 00000101111101001111
00000101110110100011 00000101011101011110
00000110010011100000 00000100111100111001
00000110100011111001 00000100100001110100
00000110100010111011 00000100010000011100
00000110010000110110 00000100001011000011
00000101110010110100 00000100010010010111
00000101010000010100 00000100100101101111
00000100110000010100 00000101000011000101
00000100011000000001 00000101100110011011
00000100001010110010 00000110001001101001
00000100001010100111 00000110100101000010
00000100011000011101 00000110110001011100
00000100110011111111 00000110101011100110
00000101011010111101 00000110010110000000
00000110000111111111 00000101110111101001
00000110110001111101 00000101011000110110
00000111001101010110 00000101000000100100
00000111010000111111 00000100110011100000
00000110111011101000 00000100110100000101
00000110010100110101 00000101000010101001
00000101101000001101 00000101011101010111
00000101000000000110 00000101111111111110
00000100100011011110 00000110100011011100
00000100010110010100 00000110111110110001
00000100011010100110 00000111001001110001
00000100110000110100 00000111000001000001
00000101010111100010 00000110101000000001
00000110001010000101 00000110000111001010
00000110111110111010 00000101100111110010
00000111100111100011 00000101010001011001
00000111110101100000 00000101001000110010
00000111100011001110 00000101010000001101
00000110111000011011 00000101100111010010
00000110000100010111 00000110001010100101
00000101010101001101 00000110110010111000
00000100110100001100 00000111010101011100
00000100100110001111 00000111100110110101
00000100101101011110 00000111100000100100
00000101001001111100 00000111000101010010
00000101111001000001 00000110011111000001
00000110110011011010 00000101111001100110
00000111101011001101 00000101011110011010
00001000001101100001 00000101010011011010
00001000001011111000 00000101011011011101
00000111100111011001 00000101110110011110
00000110101111111100 00000110100000100011
00000101111000011101 00000111010000100111
00000101001110100100 00000111111000010100
00000100111001101010 00001000001000100000
00000100111100111010 00000111111010000101
00000101011000101011 00000111010011011001
00000110001010000010 00000110100011010111
00000111001000101001 00000101111000110000
00001000000100001100 00000101011101101101
00001000100110100100 00000101010111110110
00001000011111111000 00000101101001010110
