00000000000000000000 00000000000000000000
11111111111110011101 00000000000000000000
11111111111101000100 00000000000000000000
11111111111011111011 11111111111111111110
11111111111011001010 11111111111111111001
11111111111010110100 11111111111111110000
11111111111010111010 11111111111111100010
11111111111011011101 11111111111111010010
11111111111100010111 11111111111110111111
11111111111101100100 11111111111110101100
11111111111110111101 11111111111110011100
00000000000000011001 11111111111110010001
00000000000001110010 11111111111110001101
00000000000010111111 11111111111110010011
00000000000011111100 11111111111110100011
00000000000100100011 11111111111110111110
00000000000100110010 11111111111111100010
00000000000100101001 00000000000000001110
00000000000100001001 00000000000000111110
00000000000011010110 00000000000001101110
00000000000010010101 00000000000010011100
00000000000001001011 00000000000011000011
11111111111111111111 00000000000011011110
11111111111110110111 00000000000011101100
11111111111101110111 00000000000011101010
11111111111101000100 00000000000011010111
11111111111100100010 00000000000010110011
11111111111100010010 00000000000010000001
11111111111100010011 00000000000001000011
11111111111100100110 11111111111111111100
11111111111101000111 11111111111110110001
11111111111101110011 11111111111101100111
11111111111110100110 11111111111100100010
11111111111111011010 11111111111011100111
00000000000000001101 11111111111010111011
00000000000000111010 11111111111010100000
00000000000001011110 11111111111010011001
00000000000001110111 11111111111010100110
00000000000010000011 11111111111011001000
00000000000010000010 11111111111011111100
00000000000001110101 11111111111100111111
00000000000001011110 11111111111110001101
00000000000000111111 11111111111111100100
00000000000000011010 00000000000000111101
11111111111111110100 00000000000010010100
11111111111111010000 00000000000011100101
11111111111110110000 00000000000100101100
11111111111110011000 00000000000101100110
11111111111110001001 00000000000110001110
11111111111110000101 00000000000110100100
11111111111110001101 00000000000110100110
11111111111110100001 00000000000110010101
11111111111111000000 00000000000101110010
11111111111111101001 00000000000101000000
00000000000000011000 00000000000100000001
00000000000001001101 00000000000010111000
00000000000010000100 00000000000001101010
00000000000010111010 00000000000000011010
00000000000011101100 11111111111111001100
00000000000100011000 11111111111110000011
00000000000100111010 11111111111101000001
00000000000101010010 11111111111100001001
00000000000101011100 11111111111011011101
00000000000101011001 11111111111010111111
00000000000101001000 11111111111010101111
00000000000100101010 11111111111010101110
00000000000011111110 11111111111010111010
00000000000011000111 11111111111011010010
00000000000010000110 11111111111011110101
00000000000000111110 11111111111100100001
11111111111111101111 11111111111101010011
11111111111110011101 11111111111110001001
11111111111101001001 11111111111111000001
11111111111011110101 11111111111111110111
11111111111010100100 00000000000000101010
11111111111001010111 00000000000001011000
11111111111000010001 00000000000001111111
11111111110111010010 00000000000010011100
11111111110110011110 00000000000010110000
11111111110101110100 00000000000010111000
11111111110101010110 00000000000010110100
11111111110101000100 00000000000010100011
11111111110100111110 00000000000010000101
11111111110101000010 00000000000001011010
11111111110101010000 00000000000000100010
11111111110101100101 11111111111111011101
11111111110110000000 11111111111110001100
11111111110110011101 11111111111100101111
11111111110110111010 11111111111011000110
11111111110111010101 11111111111001010001
11111111110111101010 11111111110111010001
11111111110111110111 11111111110101000111
11111111110111111001 11111111110010110100
11111111110111101100 11111111110000011011
11111111110111001101 11111111101110000000
11111111110110011010 11111111101011101001
11111111110101010000 11111111101001011111
11111111110011101010 11111111100111101010
11111111110001101001 11111111100110010011
11111111101111001011 11111111100101100001
11111111101100010100 11111111100101010101
11111111101001001011 11111111100101101110
11111111100101111101 11111111100110100001
11111111100011000000 11111111100111100100
11111111100000101100 11111111101000101011
11111111011111011000 11111111101001101000
11111111011111010100 11111111101010010011
11111111100000100000 11111111101010100110
11111111100010101011 11111111101010011101
11111111100101011101 11111111101001111000
11111111101000011100 11111111101000111100
11111111101011010001 11111111100111110000
11111111101101101101 11111111100110011010
11111111101111100110 11111111100101000110
11111111110000110100 11111111100011111110
11111111110001010100 11111111100011001011
11111111110001000011 11111111100010110011
11111111101111111111 11111111100010111000
11111111101110001000 11111111100011011000
11111111101011011111 11111111100100001010
11111111101000001010 11111111100101000101
11111111100100010110 11111111100101111100
11111111100000011011 11111111100110100100
11111111011100111011 11111111100110110010
11111111011010011110 11111111100110100000
11111111011001100111 11111111100101101010
11111111011010100000 11111111100100001111
11111111011100110111 11111111100010010110
11111111100000000110 11111111100000001110
11111111100011100011 11111111011110001100
11111111100110101000 11111111011100100111
11111111101001000000 11111111011011110110
11111111101010011010 11111111011100000011
11111111101010110001 11111111011101001101
11111111101010000001 11111111011111000010
11111111101000001101 11111111100001001101
11111111100101011011 11111111100011010011
11111111100001111011 11111111100101000001
11111111011110000100 11111111100110000100
11111111011010011101 11111111100110010010
11111111010111110100 11111111100101100011
11111111010110110001 11111111100011110110
11111111010111100100 11111111100001001110
11111111011001111000 11111111011101111110
11111111011101000011 11111111011010100011
11111111100000010100 11111111010111101010
11111111100011000001 11111111010110000001
11111111100100110000 11111111010110000111
11111111100101010011 11111111010111111011
11111111100100100100 11111111011010111011
11111111100010101000 11111111011110011000
11111111011111101100 11111111100001100100
11111111011100001010 11111111100100000000
11111111011000101001 11111111100101010101
11111111010101111010 11111111100101010110
11111111010100101010 11111111100011111101
11111111010101010000 11111111100001001101
11111111010111011010 11111111011101010100
11111111011010011100 11111111011000110011
11111111011101100001 11111111010100100111
11111111011111111100 11111111010001111000
11111111100001010000 11111111010001100000
11111111100001001100 11111111010011101001
11111111011111101111 11111111010111100001
11111111011101000100 11111111011011111111
11111111011001100111 11111111011111111111
11111111010110000100 11111111100010110111
11111111010011010101 11111111100100001011
11111111010010001111 11111111100011101111
11111111010011000111 11111111100001100001
11111111010101100110 11111111011101101001
11111111011000111001 11111111011000100110
11111111011100000001 11111111010011010100
11111111011110010001 11111111001111010000
11111111011111001000 11111111001101110111
11111111011110011000 11111111001111101100
11111111011100000101 11111111010011111101
11111111011000100011 11111111011001001011
11111111010100100001 11111111011101111000
11111111010001000100 11111111100001001100
11111111001111010101 11111111100010100101
11111111001111111101 11111111100001110111
11111111010010101011 11111111011111000000
11111111010110100000 11111111011010010011
11111111011010001111 11111111010100011110
11111111011100111101 11111111001110111001
11111111011110000100 11111111001011011101
11111111011101010000 11111111001011101000
11111111011010100011 11111111001111010001
11111111010110010110 11111111010100110100
11111111010001100011 11111111011010010111
11111111001101100101 11111111011110100011
11111111001011111101 11111111100000101001
11111111001101011001 11111111100000010100
11111111010001010001 11111111011101100010
11111111010110000100 11111111011000100110
11111111011010010101 11111111010010010110
11111111011101000010 11111111001100011001
11111111011101100111 11111111001000111101
11111111011011110111 11111111001001101000
