00000000011001 11111111100110 00000000011001 00000000100111 11111111011011 00000000100111
00000000101100 11111111010011 00000000101100 00000000010010 11111111101010 00000000010100
00000000110101 11111111001000 00000000110110 11111111111010 11111111111000 11111111111110
00000000110010 11111111000100 00000000110101 11111111100100 00000000000100 11111111101010
00000000100100 11111111000110 00000000101010 11111111010101 00000000001110 11111111011110
00000000001110 11111111001101 00000000011001 11111111010001 00000000010111 11111111011011
11111111110110 11111111011000 00000000000110 11111111010111 00000000100001 11111111100001
11111111100001 11111111101000 11111111110110 11111111100110 00000000101010 11111111101101
11111111010100 11111111111101 11111111101100 11111111111000 00000000110001 11111111111101
11111111010000 00000000010101 11111111101010 00000000001010 00000000110100 00000000001011
11111111010101 00000000101111 11111111101111 00000000010111 00000000110001 00000000010011
11111111100000 00000001000111 11111111111000 00000000011101 00000000101001 00000000010011
11111111101110 00000001011011 00000000000001 00000000011011 00000000011011 00000000001011
11111111111011 00000001101000 00000000000110 00000000010011 00000000001001 11111111111101
00000000000100 00000001101100 00000000000100 00000000000111 11111111110110 11111111101011
00000000000111 00000001100111 11111111111001 11111111111011 11111111100110 11111111011001
00000000000100 00000001011010 11111111100101 11111111110010 11111111011100 11111111001010
11111111111101 00000001001000 11111111001010 11111111101101 11111111011010 11111111000000
11111111110011 00000000110101 11111110101010 11111111101110 11111111100001 11111110111011
11111111101010 00000000100101 11111110000111 11111111110110 11111111110001 11111110111100
11111111100101 00000000011101 11111101100101 00000000000101 00000000001001 11111111000010
11111111100111 00000000100001 11111101000110 00000000011001 00000000101000 11111111001100
11111111110011 00000000110101 11111100101100 00000000110000 00000001001110 11111111010101
00000000001011 00000001011100 11111100010110 00000001001010 00000001111010 11111111011000
00000000110000 00000010011001 11111100000010 00000001100110 00000010101010 11111111010001
00000001100011 00000011101110 11111011101010 00000010000100 00000011010011 11111110111010
00000010100101 00000101010111 11111011000111 00000010100000 00000011011100 11111110010011
00000011110101 00000111000101 11111010010000 00000010110100 00000010011010 11111101100100
00000101001111 00001000010010 11111001000010 00000010101111 00000000001000 11111101001001
00000110100110 00001000010110 11110111100110 00000001111111 11111110000010 11111101110110
00000111100101 00000111010111 11110110100001 00000000101011 11111101011100 11111111111010
00000111111010 00000110000101 11110110011110 11111111011010 11111110001001 00000001110111
00000111100111 00000101001001 11110111011001 11111110110100 11111111011001 00000010010000
00000111000001 00000100110101 11111000100001 11111110111101 00000000101110 00000001010010
00000110011111 00000101001100 11111001001010 11111111100001 00000001111100 11111111101100
00000110001111 00000110001010 11111001000000 00000000010001 00000010110110 11111110000100
00000110010111 00000111100101 11111000000010 00000001000001 00000010111011 11111101000011
00000110110111 00001001000010 11110110100011 00000001100111 00000001100100 11111101100111
00000111101010 00001001110100 11110101010110 00000001110010 11111111010110 11111111111101
00001000100011 00001001011111 11110101010100 00000001010000 11111110000100 00000001110111
00001001001011 00001000100001 11110110001111 00000000001000 11111110010011 00000001100111
00001001001111 00000111101010 11110111000010 11111111000110 11111111011010 11111111111110
00001000110010 00000111010111 11110111000001 11111110111001 00000000110010 11111110010001
00001000001110 00000111110000 11110110001001 11111111100101 00000010000101 11111101110100
00001000000000 00001000110010 11110101000011 00000000110000 00000010101111 11111111010001
00001000011000 00001010001001 11110100101011 00000001110011 00000001110010 00000001001011
00001001010001 00001011000010 11110101010000 00000001111010 11111111010100 00000001001110
00001010001110 00001010101100 11110101110111 00000000100011 11111101101001 11111111100011
00001010011111 00001001100000 11110101101000 11111110111010 11111110000011 11111101111111
00001001111100 00001000100001 11110100100111 11111110101000 11111111111001 11111110011101
