00000000000000
00000000000000
00000000000000
00000000000000
00000000000000
00000000000000
00000000000000
00000000000000
00000000000001
00000000000001
00000000000001
00000000000001
00000000000000
00000000000000
11111111111111
11111111111111
11111111111110
11111111111101
11111111111100
11111111111011
11111111111011
11111111111010
11111111111010
11111111111010
11111111111010
11111111111010
11111111111011
11111111111011
11111111111100
11111111111101
11111111111110
00000000000000
00000000000001
00000000000010
00000000000010
00000000000011
00000000000100
00000000000100
00000000000101
00000000000101
00000000000101
00000000000101
00000000000100
00000000000100
00000000000011
00000000000011
00000000000010
00000000000001
00000000000000
11111111111111
11111111111110
11111111111101
11111111111101
11111111111100
11111111111011
11111111111010
11111111111000
11111111110111
11111111110110
11111111110101
11111111110011
11111111110001
11111111101111
11111111101101
11111111101011
11111111101001
11111111100110
11111111100100
11111111100010
11111111100000
11111111011111
11111111011110
11111111011110
11111111011111
11111111100000
11111111100001
11111111100011
11111111100100
11111111100101
11111111100110
11111111100110
11111111100110
11111111100101
11111111100100
11111111100010
11111111100000
11111111011101
11111111011011
11111111011001
11111111010111
11111111010111
11111111010111
11111111011001
11111111011011
11111111011101
11111111011111
11111111100000
11111111100000
11111111100000
11111111011110
11111111011100
11111111011001
11111111010110
11111111010011
11111111010010
11111111010001
11111111010011
11111111010101
11111111011000
11111111011010
11111111011100
11111111011100
11111111011100
11111111011010
11111111010110
11111111010011
11111111001111
11111111001101
11111111001101
11111111001111
11111111010010
11111111010101
11111111011000
11111111011001
11111111011001
11111111010111
11111111010011
11111111001111
11111111001011
11111111001001
11111111001010
11111111001101
11111111010000
11111111010100
11111111010110
11111111010111
11111111010101
11111111010010
11111111001101
11111111001001
11111111000110
11111111000111
11111111001010
11111111001110
11111111010010
11111111010100
11111111010100
11111111010001
11111111001101
11111111001000
11111111000100
11111111000011
11111111000110
11111111001011
11111111001111
11111111010010
11111111010010
11111111001111
11111111001010
11111111000101
11111111000001
11111111000001
11111111000101
11111111001010
11111111001111
11111111010001
11111111001111
11111111001011
11111111000101
11111111000000
11111110111110
11111111000001
11111111000110
11111111001100
11111111001111
11111111001110
11111111001010
11111111000100
11111110111110
11111110111100
11111110111110
11111111000101
11111111001010
11111111001101
11111111001100
11111111001000
11111111000001
11111110111011
11111110111010
11111110111110
11111111000101
11111111001010
11111111001100
11111111001001
11111111000011
11111110111100
11111110111000
11111110111010
11111111000000
11111111000110
11111111001010
11111111001001
11111111000011
11111110111100
11111110110111
11111110110111
11111110111101
11111111000100
11111111001000
11111111000111
11111111000010
11111110111011
11111110110101
11111110110110
11111110111100
11111111000010
11111111000110
11111111000101
11111111000000
11111110111000
11111110110011
11111110110101
11111110111100
11111111000010
11111111000101
11111111000011
11111110111100
11111110110101
11111110110010
11111110110110
11111110111101
11111111000010
11111111000011
11111110111110
11111110110111
11111110110001
11111110110010
11111110111001
11111110111111
11111111000010
11111110111111
11111110111000
11111110110001
11111110110000
11111110110101
11111110111100
11111111000000
11111110111111
11111110111001
11111110110001
11111110101110
11111110110011
11111110111010
11111110111111
11111110111110
11111110111000
