00000000000000 00000000000000
00000000000101 00000000000000
00000000001010 00000000000000
00000000001111 00000000000000
00000000010100 00000000000000
00000000011001 00000000000000
00000000011110 00000000000000
00000000100011 00000000000000
00000000101000 00000000000000
00000000101101 00000000000000
00000000110010 00000000000000
00000000110111 00000000000000
00000000111100 00000000000000
00000001000001 00000000000000
00000001000110 00000000000000
00000001001011 00000000000000
00000001010000 00000000000000
00000001010101 00000000000000
00000001011010 00000000000000
00000001011111 00000000000000
00000001100100 00000000000000
00000001101001 00000000000000
00000001101110 00000000000000
00000001110011 00000000000000
00000001111000 00000000000000
00000001111101 00000000000000
00000010000010 00000000000000
00000010000111 00000000000000
00000010001100 00000000000000
00000010010001 00000000000000
00000010010110 00000000000000
00000010011011 00000000000000
00000010100000 00000000000000
00000010100101 00000000000000
00000010101010 00000000000000
00000010101111 00000000000000
00000010110100 00000000000000
00000010111001 00000000000000
00000010111110 00000000000000
00000011000011 00000000000000
00000011001000 00000000000000
00000011001101 00000000000000
00000011010010 00000000000000
00000011010111 00000000000000
00000011011100 00000000000000
00000011100001 00000000000000
00000011100110 00000000000000
00000011101011 00000000000000
00000011110000 00000000000000
00000011110101 00000000000000
00000011111010 00000000000000
00000011111111 00000000000000
00000100000100 00000000000000
00000100001001 00000000000000
00000100001110 00000000000000
00000100010011 00000000000000
00000100011000 00000000000000
00000100011101 00000000000000
00000100100010 00000000000000
00000100100111 00000000000000
00000100101100 00000000000000
00000100110001 00000000000000
00000100110110 00000000000000
00000100111011 00000000000000
00000101000000 00000000000000
00000101000101 00000000000000
00000101001010 00000000000000
00000101001111 00000000000000
00000101010100 00000000000000
00000101011001 00000000000000
00000101011110 00000000000000
00000101100011 00000000000000
00000101101000 00000000000000
00000101101101 00000000000000
00000101110010 00000000000000
00000101110111 00000000000000
00000101111100 00000000000000
00000110000001 00000000000000
00000110000110 00000000000000
00000110001011 00000000000000
00000110010000 00000000000000
00000110010101 00000000000000
00000110011010 00000000000000
00000110011111 00000000000000
00000110100100 00000000000000
00000110101001 00000000000000
00000110101110 00000000000000
00000110110011 00000000000000
00000110111000 00000000000000
00000110111101 00000000000000
00000111000010 00000000000000
00000111000111 00000000000000
00000111001100 00000000000000
00000111010001 00000000000000
00000111010110 00000000000000
00000111011011 00000000000000
00000111100000 00000000000000
00000111100101 00000000000000
00000111101010 00000000000000
00000111101111 00000000000000
00000111110100 00000000000000
00000111111001 00000000000000
00000111111110 00000000000000
00001000000011 00000000000000
00001000001000 00000000000000
00001000001101 00000000000000
00001000010010 00000000000000
00001000010111 00000000000000
00001000011100 00000000000000
00001000100001 00000000000000
00001000100110 00000000000000
00001000101011 00000000000000
00001000110000 00000000000000
00001000110101 00000000000000
00001000111010 00000000000000
00001000111111 00000000000000
00001001000100 00000000000000
00001001001001 00000000000000
00001001001110 00000000000000
00001001010011 00000000000000
00001001011000 00000000000000
00001001011101 00000000000000
00001001100010 00000000000000
00001001100111 00000000000000
00001001101100 00000000000000
00001001110001 00000000000000
00001001110110 00000000000000
00001001111011 00000000000000
00001010000000 00000000000000
00001010000101 00000000000000
00001010001010 00000000000000
00001010001111 00000000000000
00001010010100 00000000000000
00001010011001 00000000000000
00001010011110 00000000000000
00001010100011 00000000000000
00001010101000 00000000000000
00001010101101 00000000000000
00001010110010 00000000000000
00001010110111 00000000000000
00001010111100 00000000000000
00001011000001 00000000000000
00001011000110 00000000000000
00001011001011 00000000000000
00001011010000 00000000000000
00001011010101 00000000000000
00001011011010 00000000000000
00001011011111 00000000000000
00001011100100 00000000000000
00001011101001 00000000000000
00001011101110 00000000000000
00001011110011 00000000000000
00001011111000 00000000000000
00001011111101 00000000000000
00001100000010 00000000000000
00001100000111 00000000000000
00001100001100 00000000000000
00001100010001 00000000000000
00001100010110 00000000000000
00001100011011 00000000000000
00001100100000 00000000000000
00001100100101 00000000000000
00001100101010 00000000000000
00001100101111 00000000000000
00001100110100 00000000000000
00001100111001 00000000000000
00001100111110 00000000000000
00001101000011 00000000000000
00001101001000 00000000000000
00001101001101 00000000000000
00001101010010 00000000000000
00001101010111 00000000000000
00001101011100 00000000000000
00001101100001 00000000000000
00001101100110 00000000000000
00001101101011 00000000000000
00001101110000 00000000000000
00001101110101 00000000000000
00001101111010 00000000000000
00001101111111 00000000000000
00001110000100 00000000000000
00001110001001 00000000000000
00001110001110 00000000000000
00001110010011 00000000000000
00001110011000 00000000000000
00001110011101 00000000000000
00001110100010 00000000000000
00001110100111 00000000000000
00001110101100 00000000000000
00001110110001 00000000000000
00001110110110 00000000000000
00001110111011 00000000000000
00001111000000 00000000000000
00001111000101 00000000000000
00001111001010 00000000000000
00001111001111 00000000000000
00001111010100 00000000000000
00001111011001 00000000000000
00001111011110 00000000000000
00001111100011 00000000000000
00001111101000 00000000000000
00001111101101 00000000000000
00001111110010 00000000000000
00001111110111 00000000000000
00001111111100 00000000000000
00010000000001 00000000000000
00010000000110 00000000000000
00010000001011 00000000000000
00010000010000 00000000000000
00010000010101 00000000000000
00010000011010 00000000000000
00010000011111 00000000000000
00010000100100 00000000000000
00010000101001 00000000000000
00010000101110 00000000000000
00010000110011 00000000000000
00010000111000 00000000000000
00010000111101 00000000000000
00010001000010 00000000000000
00010001000111 00000000000000
00010001001100 00000000000000
00010001010001 00000000000000
00010001010110 00000000000000
00010001011011 00000000000000
00010001100000 00000000000000
00010001100101 00000000000000
00010001101010 00000000000000
00010001101111 00000000000000
00010001110100 00000000000000
00010001111001 00000000000000
00010001111110 00000000000000
00010010000011 00000000000000
00010010001000 00000000000000
00010010001101 00000000000000
00010010010010 00000000000000
00010010010111 00000000000000
00010010011100 00000000000000
00010010100001 00000000000000
00010010100110 00000000000000
00010010101011 00000000000000
00010010110000 00000000000000
00010010110101 00000000000000
00010010111010 00000000000000
00010010111111 00000000000000
00010011000100 00000000000000
00010011001001 00000000000000
00010011001110 00000000000000
00010011010011 00000000000000
00010011011000 00000000000000
00010011011101 00000000000000
00010011100010 00000000000000
00010011100111 00000000000000
00010011101100 00000000000000
00010011110001 00000000000000
00010011110110 00000000000000
00010011111011 00000000000000
