11111111110000 11111111010010
11111111100010 11111111011100
11111111010111 11111111101001
11111111001111 11111111111000
11111111001100 00000000000111
11111111001101 00000000010110
11111111010011 00000000100011
11111111011101 00000000101110
11111111101010 00000000110100
11111111111001 00000000110110
00000000001001 00000000110100
00000000011000 00000000101111
00000000100101 00000000100111
00000000110000 00000000011101
00000000111000 00000000010010
00000000111101 00000000000111
00000000111110 11111111111100
00000000111100 11111111110010
00000000110111 11111111101011
00000000110000 11111111100110
00000000101000 11111111100010
00000000011111 11111111100001
00000000010101 11111111100010
00000000001100 11111111100100
00000000000011 11111111101000
11111111111011 11111111101101
11111111110101 11111111110010
11111111110000 11111111111000
11111111101101 11111111111110
11111111101100 00000000000011
11111111101100 00000000001000
11111111101110 00000000001011
11111111110000 00000000001101
11111111110011 00000000001110
11111111110111 00000000001110
11111111111011 00000000001101
11111111111110 00000000001100
00000000000001 00000000001010
00000000000011 00000000001000
00000000000101 00000000000110
00000000000110 00000000000100
00000000000111 00000000000010
00000000000111 00000000000000
00000000000111 11111111111110
00000000000110 11111111111101
00000000000100 11111111111100
00000000000010 11111111111011
00000000000000 11111111111011
11111111111110 11111111111100
11111111111100 11111111111110
11111111111011 00000000000000
11111111111011 00000000000011
11111111111011 00000000000101
11111111111100 00000000001000
11111111111110 00000000001011
00000000000000 00000000001111
00000000000100 00000000010101
00000000001001 00000000011011
00000000010000 00000000100011
00000000011010 00000000101011
00000000100110 00000000110110
00000000110110 00000001000011
00000001001001 00000001010010
00000001100001 00000001100011
00000001111110 00000001110101
00000010100000 00000010000111
00000011001000 00000010010110
00000011110100 00000010011101
00000100100010 00000010010101
00000101001110 00000001111000
00000101110001 00000001000011
00000110000100 00000000000000
00000110000100 11111110111111
00000101110000 11111110010001
00000101001110 11111101111101
00000100100110 11111110000000
00000011111111 11111110010001
00000011011101 11111110101011
00000011000011 11111111001010
00000010110010 11111111101011
00000010101011 00000000001101
00000010101110 00000000110000
00000010111100 00000001010100
00000011010101 00000001111000
00000011111000 00000010011000
00000100100101 00000010101101
00000101011000 00000010101100
00000110001011 00000010001010
00000110110100 00000001000011
00000111000111 11111111101010
00000111000000 11111110011011
00000110100001 11111101110000
00000101110101 11111101101011
00000101001000 11111110000010
00000100100010 11111110101001
00000100000111 11111111011000
00000011111011 00000000001010
00000011111101 00000000111101
00000100001110 00000001101111
00000100101110 00000010011010
00000101011100 00000010110100
00000110010001 00000010101111
00000111000101 00000001111100
00000111101010 00000000100000
00000111110011 11111110111011
00000111011110 11111101110101
00000110110100 11111101100000
00000110000100 11111101110100
00000101011010 11111110100001
00000100111101 11111111011011
00000100110001 00000000011010
00000100111000 00000001011001
00000101010010 00000010001111
00000101111100 00000010110011
00000110110001 00000010110011
00000111100110 00000001111110
00001000001011 00000000011100
00001000010011 11111110110010
00000111111011 11111101101110
00000111001111 11111101100010
00000110011111 11111110000010
00000101111001 11111110111101
00000101100100 00000000000011
00000101100100 00000001001010
00000101111010 00000010001000
00000110100010 00000010101111
00000111010110 00000010101100
00001000001001 00000001101110
00001000101001 00000000000101
00001000101010 11111110011110
00001000001100 11111101101001
00000111011110 11111101101110
00000110110010 11111110011110
00000110010100 11111111100101
00000110001011 00000000110010
00000110011001 00000001111000
00000110111100 00000010100111
00000111101101 00000010101010
00001000011111 00000001110000
00001001000000 00000000000101
00001001000001 11111110011110
00001000100011 11111101101011
00000111110110 11111101110110
00000111001100 11111110101110
00000110110011 11111111111011
00000110110001 00000001001011
00000111000111 00000010001100
00000111110000 00000010101001
00001000100010 00000010001010
00001001001011 00000000101111
00001001011000 11111111000001
00001001000100 11111101111011
00001000011011 11111101110111
00000111110001 11111110101000
00000111010110 11111111110100
00000111010010 00000001000101
00000111100110 00000010000110
00001000001110 00000010011110
00001000111101 00000001111000
00001001100000 00000000011010
00001001100111 11111110110101
00001001010000 11111101111110
00001000101001 11111110000111
00001000000100 11111111000000
00000111110000 00000000001111
00000111110100 00000001011100
00001000001111 00000010001110
00001000111001 00000010001100
00001001100010 00000001001011
00001001111000 11111111100110
00001001110000 11111110010101
00001001001111 11111110000010
00001000101001 11111110101011
00001000001111 11111111110101
00001000001011 00000001000101
00001000011111 00000010000000
00001001000101 00000010001010
00001001101110 00000001010011
00001010000110 11111111110010
00001010000001 11111110100001
00001001100100 11111110001011
00001001000000 11111110110000
00001000101000 11111111111000
00001000100101 00000001000101
00001000111001 00000001111010
00001001011101 00000001111101
00001010000010 00000001000010
00001010010101 11111111100110
00001010001101 11111110100000
00001001110000 11111110010101
00001001001111 11111111000010
00001000111100 00000000001100
00001000111111 00000001010100
00001001011000 00000001111010
00001001111100 00000001100111
00001010011010 00000000011110
00001010100010 11111111001010
00001010010001 11111110011110
00001001110011 11111110101101
00001001011001 11111111101001
00001001010001 00000000110011
00001001011111 00000001101010
00001001111110 00000001110001
00001010011111 00000000111101
00001010110000 11111111101001
00001010101000 11111110101011
00001010001110 11111110100110
00001001110011 11111111010011
00001001100101 00000000011010
00001001101100 00000001011001
00001010000110 00000001101111
00001010100110 00000001001100
00001010111100 11111111111101
00001010111010 11111110110110
00001010100011 11111110100101
00001010000111 11111111001100
00001001110111 00000000010011
00001001111100 00000001010100
00001010010101 00000001101100
00001010110101 00000001001001
00001011001010 11111111111010
00001011001000 11111110110011
00001010110000 11111110100101
00001010010100 11111111010010
00001010000110 00000000011100
00001010001110 00000001011100
00001010101001 00000001101101
00001011001001 00000000111101
00001011011010 11111111101000
00001011010010 11111110101000
00001010110111 11111110101001
00001010011100 11111111100101
00001010010011 00000000110110
00001010100011 00000001101110
00001011000011 00000001101000
00001011100010 00000000011100
00001011101010 11111110111110
00001011010110 11111110010101
00001010110101 11111110111011
00001010100000 00000000001110
00001010100100 00000001011111
00001011000000 00000001111011
00001011100100 00000001000111
00001011111000 11111111100010
00001011101111 11111110011000
00001011001111 11111110100000
00001010110010 11111111101100
00001010101100 00000001001001
00001011000001 00000010000000
00001011100111 00000001100011
00001100000100 11111111111011
00001100000010 11111110011011
00001011100011 11111110010001
00001011000001 11111111011001
00001010110101 00000001000000
00001011001000 00000010000101
