0 -162 -46
0 -304 -36
1 -417 -23
2 -4910 -8
4 -5213 7
7 -5115 22
11 -4516 34
15 -3515 44
19 -2213 50
22 -89 52
24 74 50
25 21-2 45
24 34-9 37
21 44-15 27
16 51-20 16
10 55-24 5
2 56-26 -6
-6 54-27 -16
-15 49-26 -23
-23 41-23 -28
-31 32-18 -30
-37 23-12 -31
-41 13-4 -29
-43 44 -26
-42 -413 -21
-39 -1121 -16
-34 -1629 -11
-26 -2035 -6
-16 -2240 -1
-5 -2343 4
7 -2245 7
20 -2145 10
33 -1943 11
45 -1741 11
56 -1537 10
66 -1332 9
75 -1127 7
82 -1020 4
87 -913 1
90 -97 -2
91 -102 -6
91 -12-3 -10
89 -15-7 -13
86 -20-10 -16
83 -25-12 -18
79 -31-12 -20
75 -37-12 -22
71 -44-10 -24
68 -52-8 -25
65 -60-5 -26
63 -680 -27
63 -775 -28
64 -8611 -29
66 -9518 -30
71 -10426 -32
78 -11435 -34
88 -12545 -36
101 -13656 -40
117 -14867 -44
136 -16279 -48
159 -17790 -52
185 -19399 -56
214 -210104 -60
245 -228103 -62
275 -24793 -61
302 -26672 -56
323 -28341 -47
334 -2986 -33
335 -309-28 -15
326 -314-53 5
309 -313-66 23
289 -307-68 38
268 -296-60 46
250 -283-45 48
236 -269-26 44
228 -256-5 34
226 -24618 20
231 -24141 3
242 -24163 -16
260 -24681 -36
283 -25793 -56
310 -27497 -73
338 -29789 -86
364 -32368 -90
384 -35034 -81
394 -375-4 -57
392 -393-36 -21
381 -400-57 20
363 -395-63 55
343 -379-55 76
326 -357-37 80
314 -334-13 70
309 -31414 48
313 -30040 19
324 -29563 -15
342 -30078 -50
365 -31583 -82
389 -34074 -105
411 -37252 -112
426 -40620 -97
431 -436-12 -56
427 -453-37 0
415 -453-48 54
400 -437-45 89
386 -411-31 99
376 -382-10 85
373 -35714 53
377 -34237 12
387 -33955 -34
403 -35064 -77
422 -37462 -110
440 -40747 -123
453 -44524 -106
460 -477-2 -56
459 -494-23 12
451 -491-34 74
440 -469-32 107
430 -438-21 106
423 -407-3 77
421 -38518 31
426 -37737 -23
436 -38551 -75
450 -40855 -115
466 -44348 -129
480 -48231 -106
488 -5148 -45
490 -528-13 32
485 -519-26 94
477 -491-29 116
468 -457-21 99
461 -428-6 55
459 -41214 -4
463 -41433 -64
472 -43446 -112
485 -46850 -132
499 -50843 -109
511 -54125 -45
518 -5552 37
518 -545-18 101
512 -516-30 121
503 -481-30 96
494 -453-17 41
488 -4424 -24
489 -45027 -85
496 -47647 -126
509 -51457 -126
525 -55252 -78
540 -57631 5
548 -5752 82
548 -551-26 117
540 -517-41 104
527 -486-37 52
515 -471-17 -16
509 -47615 -83
513 -50247 -125
526 -54068 -123
546 -57867 -67
565 -59942 20
577 -5941 95
577 -566-39 119
565 -531-58 90
547 -505-49 29
532 -497-17 -43
526 -51127 -102
533 -54267 -127
552 -58186 -97
577 -61172 -19
598 -61727 65
605 -598-28 110
596 -566-65 99
576 -537-68 46
555 -524-36 -25
544 -53213 -89
547 -55964 -120
566 -59594 -99
594 -62584 -28
619 -63434 56
629 -618-33 104
618 -587-77 95
594 -559-77 42
570 -547-36 -29
559 -55624 -91
566 -58480 -115
589 -619106 -84
620 -64584 -8
645 -64816 69
649 -628-57 102
631 -598-92 79
603 -575-75 18
580 -570-18 -52
574 -58653 -102
589 -617107 -104
620 -649113 -50
653 -66460 30
670 -656-26 89
662 -630-93 92
633 -603-98 46
603 -590-48 -24
588 -59829 -83
596 -624100 -102
625 -655127 -67
662 -67687 8
687 -674-5 73
685 -653-90 89
658 -627-113 54
623 -611-68 -11
602 -61518 -71
607 -637100 -96
636 -666136 -69
676 -68797 -2
704 -688-4 62
702 -670-96 82
673 -646-119 51
637 -632-68 -7
616 -63524 -62
623 -654109 -86
655 -680141 -61
696 -69989 1
722 -699-23 58
714 -682-111 72
680 -661-118 40
644 -650-49 -15
629 -65552 -64
644 -675131 -77
682 -699139 -42
723 -71255 17
739 -708-67 61
718 -691-131 62
678 -673-99 23
648 -667-5 -31
646 -67796 -68
674 -698149 -65
718 -718108 -21
750 -725-13 35
745 -715-117 62
709 -697-125 45
671 -684-47 -2
656 -68564 -50
675 -700142 -70
717 -721132 -47
756 -73625 7
763 -735-97 54
733 -719-134 57
692 -703-71 22
670 -69741 -30
681 -706136 -66
721 -726146 -61
764 -74548 -14
778 -750-86 41
752 -739-142 64
709 -720-87 39
682 -70929 -15
690 -714134 -62
730 -733153 -70
775 -75455 -31
791 -764-85 32
