00000000000000 11111111110000 00000000000010 11111111010010
00000000000000 11111111100010 00000000000100 11111111011100
00000000000001 11111111010111 00000000000111 11111111101001
00000000000010 11111111001111 00000000001010 11111111111000
00000000000100 11111111001100 00000000001101 00000000000111
00000000000111 11111111001101 00000000001111 00000000010110
00000000001011 11111111010011 00000000010000 00000000100010
00000000001111 11111111011101 00000000001111 00000000101100
00000000010011 11111111101010 00000000001101 00000000110010
00000000010110 11111111111000 00000000001001 00000000110100
00000000011000 00000000000111 00000000000100 00000000110010
00000000011001 00000000010101 11111111111110 00000000101101
00000000011000 00000000100010 11111111110111 00000000100101
00000000010101 00000000101100 11111111110001 00000000011011
00000000010000 00000000110011 11111111101100 00000000010000
00000000001010 00000000110111 11111111101000 00000000000101
00000000000010 00000000111000 11111111100110 11111111111010
11111111111010 00000000110110 11111111100101 11111111110000
11111111110001 00000000110001 11111111100110 11111111101001
11111111101001 00000000101001 11111111101001 11111111100100
11111111100001 00000000100000 11111111101110 11111111100010
11111111011011 00000000010111 11111111110100 11111111100001
11111111010111 00000000001101 11111111111100 11111111100011
11111111010101 00000000000100 00000000000100 11111111100110
11111111010110 11111111111100 00000000001101 11111111101011
11111111011001 11111111110101 00000000010101 11111111110000
11111111011110 11111111110000 00000000011101 11111111110101
11111111100110 11111111101100 00000000100011 11111111111010
11111111110000 11111111101010 00000000101000 11111111111111
11111111111011 11111111101001 00000000101011 00000000000100
00000000000111 11111111101010 00000000101101 00000000000111
00000000010100 11111111101011 00000000101101 00000000001010
00000000100001 11111111101101 00000000101011 00000000001011
00000000101101 11111111101111 00000000101001 00000000001011
00000000111000 11111111110001 00000000100101 00000000001010
00000001000010 11111111110011 00000000100000 00000000001001
00000001001011 11111111110101 00000000011011 00000000000111
00000001010010 11111111110110 00000000010100 00000000000100
00000001010111 11111111110111 00000000001101 00000000000001
00000001011010 11111111110111 00000000000111 11111111111110
00000001011011 11111111110110 00000000000010 11111111111010
00000001011011 11111111110100 11111111111101 11111111110110
00000001011001 11111111110001 11111111111001 11111111110011
00000001010110 11111111101100 11111111110110 11111111110000
00000001010011 11111111100111 11111111110100 11111111101110
00000001001111 11111111100001 11111111110100 11111111101100
00000001001011 11111111011011 11111111110100 11111111101010
00000001000111 11111111010100 11111111110110 11111111101000
00000001000100 11111111001100 11111111111000 11111111100111
00000001000001 11111111000100 11111111111011 11111111100110
00000000111111 11111110111100 00000000000000 11111111100101
00000000111111 11111110110011 00000000000101 11111111100100
00000001000000 11111110101010 00000000001011 11111111100011
00000001000010 11111110100001 00000000010010 11111111100010
00000001000111 11111110011000 00000000011010 11111111100000
00000001001110 11111110001110 00000000100011 11111111011110
00000001011000 11111110000011 00000000101101 11111111011100
00000001100101 11111101111000 00000000111000 11111111011000
00000001110101 11111101101100 00000001000011 11111111010100
00000010001000 11111101011110 00000001001111 11111111010000
00000010011111 11111101001111 00000001011010 11111111001100
00000010111001 11111100111111 00000001100011 11111111001000
00000011010110 11111100101110 00000001101000 11111111000100
00000011110101 11111100011100 00000001100111 11111111000010
00000100010011 11111100001001 00000001011101 11111111000011
00000100101110 11111011110110 00000001001000 11111111001000
00000101000011 11111011100101 00000000101001 11111111010001
00000101001110 11111011010110 00000000000110 11111111011111
00000101001111 11111011001011 11111111100100 11111111110001
00000101000110 11111011000110 11111111001011 00000000000101
00000100110101 11111011000111 11111110111110 00000000010111
00000100100001 11111011001101 11111110111100 00000000100110
00000100001100 11111011011000 11111111000100 00000000101110
00000011111010 11111011100101 11111111010011 00000000110000
00000011101100 11111011110011 11111111100110 00000000101100
00000011100100 11111100000000 11111111111011 00000000100010
00000011100010 11111100001010 00000000010010 00000000010100
00000011100111 11111100001111 00000000101001 00000000000011
00000011110010 11111100001111 00000000111111 11111111110000
00000100000100 11111100001010 00000001010001 11111111011100
00000100011011 11111011111111 00000001011101 11111111001000
00000100110110 11111011101110 00000001100001 11111110110111
00000101010010 11111011010111 00000001011001 11111110101010
00000101101100 11111010111101 00000001000100 11111110100110
00000110000000 11111010100010 00000000100010 11111110101111
00000110001010 11111010001001 11111111111100 11111111000111
00000110001000 11111001110111 11111111011100 11111111101011
00000101111101 11111001110000 11111111000111 00000000010100
00000101101011 11111001110101 11111111000001 00000000110111
00000101010111 11111010000101 11111111001001 00000001001100
00000101000110 11111010011011 11111111011011 00000001010000
00000100111010 11111010110010 11111111110011 00000001000110
00000100110101 11111011000110 00000000001110 00000000110000
00000100111001 11111011010100 00000000101000 00000000010011
00000101000100 11111011011001 00000000111111 11111111110001
00000101010110 11111011010100 00000001001110 11111111001110
00000101101101 11111011000101 00000001010011 11111110101110
00000110000101 11111010101100 00000001001010 11111110010111
00000110011011 11111010001100 00000000110100 11111110010000
00000110101010 11111001101010 00000000010100 11111110011111
00000110101111 11111001001100 11111111110100 11111111001000
00000110101011 11111000111011 11111111011011 00000000000000
00000110011111 11111000111011 11111111010000 00000000110110
00000110010000 11111001001011 11111111010011 00000001011001
00000110000010 11111001100101 11111111100001 00000001100011
00000101111000 11111010000010 11111111110110 00000001010101
00000101110101 11111010011011 00000000001110 00000000110101
00000101111001 11111010101010 00000000100101 00000000001100
00000110000011 11111010101101 00000000110111 11111111011110
00000110010011 11111010100010 00000001000000 11111110110011
00000110100110 11111010001010 00000000111110 11111110010010
00000110111000 11111001101001 00000000101111 11111110000101
00000111000101 11111001000011 00000000011000 11111110010110
00000111001100 11111000100011 11111111111110 11111111001000
00000111001011 11111000010010 11111111101001 00000000001100
00000111000011 11111000010101 11111111011110 00000001001010
00000110111000 11111000101011 11111111100000 00000001101011
00000110101110 11111001001010 11111111101011 00000001101010
00000110100111 11111001101001 11111111111101 00000001001101
00000110100101 11111001111111 00000000010010 00000000011111
00000110101010 11111010000111 00000000100101 11111111101001
00000110110100 11111001111111 00000000110011 11111110110101
00000111000010 11111001101000 00000000110111 11111110001101
00000111010010 11111001000101 00000000110000 11111101111111
00000111100000 11111000011110 00000000011111 11111110010110
00000111101000 11110111111110 00000000001000 11111111010011
00000111101010 11110111110000 11111111110011 00000000100000
00000111100101 11110111111001 11111111100110 00000001011110
00000111011101 11111000010101 11111111100011 00000001110100
00000111010100 11111000110111 11111111101011 00000001100011
00000111001101 11111001010100 11111111111010 00000000110111
00000111001011 11111001100100 00000000001110 11111111111100
00000111001111 11111001100010 00000000100001 11111111000000
00000111011000 11111001001110 00000000101110 11111110010000
00000111100101 11111000101100 00000000110010 11111101111100
00000111110011 11111000000100 00000000101011 11111110010011
00000111111111 11110111100011 00000000011001 11111111010011
00001000000110 11110111010101 00000000000010 00000000100101
00001000000110 11110111011111 11111111101110 00000001100101
00001000000000 11110111111100 11111111100010 00000001111001
00000111110111 11111000011111 11111111100010 00000001100000
00000111101110 11111000111011 11111111101111 00000000101001
00000111101000 11111001000110 00000000000100 11111111101000
00000111101001 11111000111110 00000000011011 11111110101011
00000111110000 11111000100100 00000000101111 11111110000010
00000111111101 11110111111110 00000000111001 11111110000010
00001000001101 11110111011000 00000000110100 11111110110010
00001000011100 11110111000000 00000000011111 00000000000101
00001000100100 11110111000001 00000000000010 00000001010010
00001000100100 11110111011001 11111111100110 00000001110101
00001000011100 11110111111011 11111111010111 00000001101000
00001000001111 11111000011010 11111111011011 00000000110100
00001000000011 11111000101001 11111111101111 11111111110000
00000111111101 11111000100100 00000000001111 11111110101101
00001000000001 11111000001010 00000000101111 11111110000011
00001000001110 11110111100100 00000001000100 11111110000101
00001000100010 11110110111110 00000001000011 11111110111101
00001000110101 11110110101001 00000000101010 00000000010100
00001001000001 11110110101110 00000000000001 00000001011111
00001001000001 11110111001010 11111111011001 00000001110111
00001000110101 11110111101101 11111111000110 00000001011010
00001000100011 11111000000111 11111111001111 00000000011101
00001000010100 11111000001111 11111111101111 11111111010101
00001000001110 11111000000001 00000000011011 11111110011010
00001000010101 11110111100010 00000001000011 11111110000001
00001000101000 11110110111011 00000001010110 11111110011111
00001001000001 11110110011101 00000001001000 11111111101101
00001001010110 11110110010111 00000000011011 00000001000001
00001001011101 11110110101010 11111111100100 00000001101110
00001001010100 11110111001010 11111110111111 00000001100011
00001001000000 11110111100111 11111110111100 00000000101110
00001000101011 11110111110100 11111111011100 11111111100111
00001000100000 11110111101100 00000000001101 11111110100111
00001000100011 11110111010001 00000001000000 11111110001000
00001000110110 11110110101101 00000001011110 11111110011101
00001001010010 11110110001111 00000001010100 11111111100100
00001001101011 11110110000110 00000000100010 00000000111000
00001001110101 11110110010110 11111111011111 00000001101000
00001001101010 11110110110101 11111110110011 00000001011111
00001001010010 11110111010001 11111110110011 00000000101010
00001000111010 11110111011101 11111111011100 11111111100011
00001000101111 11110111010100 00000000011000 11111110100101
00001000110110 11110110111000 00000001010000 11111110001101
00001001001101 11110110010101 00000001101010 11111110101100
00001001101100 11110101111011 00000001010100 11111111111000
00001010000101 11110101111000 00000000010000 00000001000101
00001010001001 11110110001100 11111111000111 00000001100110
00001001110111 11110110101010 11111110100100 00000001001111
00001001011011 11110111000001 11111110110101 00000000010010
00001001000100 11110111000110 11111111101110 11111111001100
00001000111110 11110110110110 00000000110101 11111110011010
00001001001101 11110110010111 00000001101011 11111110011000
00001001101100 11110101110111 00000001110001 11111111001110
00001010001101 11110101101000 00000000111100 00000000011110
00001010011110 11110101110000 11111111100110 00000001011001
00001010010110 11110110001010 11111110100011 00000001011100
00001001111001 11110110100101 11111110011110 00000000101110
00001001011011 11110110110010 11111111010000 11111111101000
00001001001100 11110110101010 00000000011101 11111110101101
00001001010100 11110110010000 00000001100100 11111110011010
00001001110001 11110101110001 00000001111111 11111110111101
00001010010110 11110101011100 00000001010111 00000000001000
00001010101111 11110101011110 11111111111011 00000001001001
00001010101101 11110101110011 11111110100110 00000001011001
00001010010010 11110110001101 11111110001111 00000000110110
00001001101111 11110110011101 11111110111100 11111111110101
00001001011010 11110110011001 00000000010010 11111110111001
00001001011111 11110110000011 00000001100100 11111110100000
00001001111100 11110101100110 00000010001000 11111110111011
00001010100100 11110101010001 00000001100001 11111111111110
00001011000000 11110101010000 11111111111100 00000000111110
00001010111110 11110101100010 11111110100000 00000001010010
00001010100001 11110101111010 11111110001001 00000000110011
00001001111101 11110110001000 11111110111100 11111111111001
00001001101000 11110110000101 00000000011000 11111111000010
00001001101111 11110101110010 00000001101101 11111110101010
00001010001111 11110101011000 00000010001101 11111111000011
00001010111000 11110101000101 00000001011001 00000000000001
00001011010010 11110101000101 11111111101001 00000000111010
00001011001010 11110101010110 11111110010001 00000001001000
00001010101000 11110101101011 11111110001010 00000000101000
00001010000100 11110101110110 11111111001111 11111111110001
00001001110101 11110101110001 00000000110100 11111111000000
00001010000100 11110101011101 00000010000011 11111110110011
00001010101010 11110101000101 00000010001011 11111111010110
00001011010011 11110100111000 00000000110111 00000000010001
00001011100011 11110100111100 11111110111101 00000000111101
00001011001110 11110101001101 11111101111101 00000000111110
00001010100110 11110101011111 11111110011101 00000000010111
00001010001000 11110101100101 11111111111011 11111111100001
00001010000110 11110101011011 00000001100000 11111110111100
00001010100010 11110101000110 00000010010101 11111110111111
00001011001110 11110100110010 00000001101100 11111111101011
00001011101110 11110100101011 11111111110011 00000000100011
00001011101001 11110100110101 11111110001011 00000000111110
00001011000101 11110101000111 11111110000011 00000000101101
00001010011111 11110101010100 11111111010001 11111111111110
00001010010000 11110101010011 00000001000000 11111111001110
00001010100011 11110101000100 00000010001110 11111110111010
00001011001101 11110100101111 00000010000100 11111111010001
00001011110100 11110100100000 00000000011001 00000000000111
00001011111011 11110100100001 11111110011111 00000000110110
00001011011101 11110100110001 11111101111010 00000000111001
00001010110100 11110101000001 11111110111001 00000000010110
00001010011110 11110101000111 00000000101001 11111111100010
00001010101001 11110100111110 00000010001000 11111110111110
00001011010001 11110100101010 00000010010010 11111111000011
00001011111100 11110100010111 00000000110000 11111111110010
00001100001010 11110100010010 11111110101010 00000000101001
00001011110000 11110100011101 11111101110010 00000001000000
00001011000101 11110100110000 11111110101001 00000000100111
00001010101010 11110100111011 00000000011101 11111111110001
00001010110010 11110100110110 00000010000110 11111111000010
00001011011010 11110100100011 00000010011001 11111110111010
00001100000111 11110100001110 00000000110111 11111111100001
00001100010111 11110100000100 11111110101011 00000000100000
