00000000000101000111 00000000110011001100
00000000001010001110 00000000110011001100
00000000001111010101 00000000110011001100
00000000010100011100 00000000110011001100
00000000011001100011 00000000110011001100
00000000011110101010 00000000110011001100
00000000100011110001 00000000110011001100
00000000101000111000 00000000110011001100
00000000101101111111 00000000110011001100
00000000110011000110 00000000110011001100
00000000111000001101 00000000110011001100
00000000111101010100 00000000110011001100
00000001000010011011 00000000110011001100
00000001000111100010 00000000110011001100
00000001001100101001 00000000110011001100
00000001010001110000 00000000110011001100
00000001010110110111 00000000110011001100
00000001011011111110 00000000110011001100
00000001100001000101 00000000110011001100
00000001100110001100 00000000110011001100
00000001101011010011 00000000110011001100
00000001110000011010 00000000110011001100
00000001110101100001 00000000110011001100
00000001111010101000 00000000110011001100
00000001111111101111 00000000110011001100
00000010000100110110 00000000110011001100
00000010001001111101 00000000110011001100
00000010001111000100 00000000110011001100
00000010010100001011 00000000110011001100
00000010011001010010 00000000110011001100
00000010011110011001 00000000110011001100
00000010100011100000 00000000110011001100
00000010101000100111 00000000110011001100
00000010101101101110 00000000110011001100
00000010110010110101 00000000110011001100
00000010110111111100 00000000110011001100
00000010111101000011 00000000110011001100
00000011000010001010 00000000110011001100
00000011000111010001 00000000110011001100
00000011001100011000 00000000110011001100
00000011010001011111 00000000110011001100
00000011010110100110 00000000110011001100
00000011011011101101 00000000110011001100
00000011100000110100 00000000110011001100
00000011100101111011 00000000110011001100
00000011101011000010 00000000110011001100
00000011110000001001 00000000110011001100
00000011110101010000 00000000110011001100
00000011111010010111 00000000110011001100
00000011111111011110 00000000110011001100
00000100000100100101 00000000110011001100
00000100001001101100 00000000110011001100
00000100001110110011 00000000110011001100
00000100010011111010 00000000110011001100
00000100011001000001 00000000110011001100
00000100011110001000 00000000110011001100
00000100100011001111 00000000110011001100
00000100101000010110 00000000110011001100
00000100101101011101 00000000110011001100
00000100110010100100 00000000110011001100
00000100110111101011 00000000110011001100
00000100111100110010 00000000110011001100
00000101000001111001 00000000110011001100
00000101000111000000 00000000110011001100
00000101001100000111 00000000110011001100
00000101010001001110 00000000110011001100
00000101010110010101 00000000110011001100
00000101011011011100 00000000110011001100
00000101100000100011 00000000110011001100
00000101100101101010 00000000110011001100
00000101101010110001 00000000110011001100
00000101101111111000 00000000110011001100
00000101110100111111 00000000110011001100
00000101111010000110 00000000110011001100
00000101111111001101 00000000110011001100
00000110000100010100 00000000110011001100
00000110001001011011 00000000110011001100
00000110001110100010 00000000110011001100
00000110010011101001 00000000110011001100
00000110011000110000 00000000110011001100
00000110011101110111 00000000110011001100
00000110100010111110 00000000110011001100
00000110101000000101 00000000110011001100
00000110101101001100 00000000110011001100
00000110110010010011 00000000110011001100
00000110110111011010 00000000110011001100
00000110111100100001 00000000110011001100
00000111000001101000 00000000110011001100
00000111000110101111 00000000110011001100
00000111001011110110 00000000110011001100
00000111010000111101 00000000110011001100
00000111010110000100 00000000110011001100
00000111011011001011 00000000110011001100
00000111100000010010 00000000110011001100
00000111100101011001 00000000110011001100
00000111101010100000 00000000110011001100
00000111101111100111 00000000110011001100
00000111110100101110 00000000110011001100
00000111111001110101 00000000110011001100
00000111111110111100 00000000110011001100
00001000000100000011 00000000110011001100
00001000001001001010 00000000110011001100
00001000001110010001 00000000110011001100
00001000010011011000 00000000110011001100
00001000011000011111 00000000110011001100
00001000011101100110 00000000110011001100
00001000100010101101 00000000110011001100
00001000100111110100 00000000110011001100
00001000101100111011 00000000110011001100
00001000110010000010 00000000110011001100
00001000110111001001 00000000110011001100
00001000111100010000 00000000110011001100
00001001000001010111 00000000110011001100
00001001000110011110 00000000110011001100
00001001001011100101 00000000110011001100
00001001010000101100 00000000110011001100
00001001010101110011 00000000110011001100
00001001011010111010 00000000110011001100
00001001100000000001 00000000110011001100
00001001100101001000 00000000110011001100
00001001101010001111 00000000110011001100
00001001101111010110 00000000110011001100
00001001110100011101 00000000110011001100
00001001111001100100 00000000110011001100
00001001111110101011 00000000110011001100
00001010000011110010 00000000110011001100
00001010001000111001 00000000110011001100
00001010001110000000 00000000110011001100
00001010010011000111 00000000110011001100
00001010011000001110 00000000110011001100
00001010011101010101 00000000110011001100
00001010100010011100 00000000110011001100
00001010100111100011 00000000110011001100
00001010101100101010 00000000110011001100
00001010110001110001 00000000110011001100
00001010110110111000 00000000110011001100
00001010111011111111 00000000110011001100
00001011000001000110 00000000110011001100
00001011000110001101 00000000110011001100
00001011001011010100 00000000110011001100
00001011010000011011 00000000110011001100
00001011010101100010 00000000110011001100
00001011011010101001 00000000110011001100
00001011011111110000 00000000110011001100
00001011100100110111 00000000110011001100
00001011101001111110 00000000110011001100
00001011101111000101 00000000110011001100
00001011110100001100 00000000110011001100
00001011111001010011 00000000110011001100
00001011111110011010 00000000110011001100
00001100000011100001 00000000110011001100
00001100001000101000 00000000110011001100
00001100001101101111 00000000110011001100
00001100010010110110 00000000110011001100
00001100010111111101 00000000110011001100
00001100011101000100 00000000110011001100
00001100100010001011 00000000110011001100
00001100100111010010 00000000110011001100
00001100101100011001 00000000110011001100
00001100110001100000 00000000110011001100
00001100110110100111 00000000110011001100
00001100111011101110 00000000110011001100
00001101000000110101 00000000110011001100
00001101000101111100 00000000110011001100
00001101001011000011 00000000110011001100
00001101010000001010 00000000110011001100
00001101010101010001 00000000110011001100
00001101011010011000 00000000110011001100
00001101011111011111 00000000110011001100
00001101100100100110 00000000110011001100
00001101101001101101 00000000110011001100
00001101101110110100 00000000110011001100
00001101110011111011 00000000110011001100
00001101111001000010 00000000110011001100
00001101111110001001 00000000110011001100
00001110000011010000 00000000110011001100
00001110001000010111 00000000110011001100
00001110001101011110 00000000110011001100
00001110010010100101 00000000110011001100
00001110010111101100 00000000110011001100
00001110011100110011 00000000110011001100
00001110100001111010 00000000110011001100
00001110100111000001 00000000110011001100
00001110101100001000 00000000110011001100
00001110110001001111 00000000110011001100
00001110110110010110 00000000110011001100
00001110111011011101 00000000110011001100
00001111000000100100 00000000110011001100
00001111000101101011 00000000110011001100
00001111001010110010 00000000110011001100
00001111001111111001 00000000110011001100
00001111010101000000 00000000110011001100
00001111011010000111 00000000110011001100
00001111011111001110 00000000110011001100
00001111100100010101 00000000110011001100
00001111101001011100 00000000110011001100
00001111101110100011 00000000110011001100
00001111110011101010 00000000110011001100
00001111111000110001 00000000110011001100
00001111111101111000 00000000110011001100
