1111111111110000 1111111111010010
1111111111100010 1111111111011011
1111111111010110 1111111111101000
1111111111001110 1111111111110111
1111111111001011 0000000000000110
1111111111001100 0000000000010101
1111111111010001 0000000000100010
1111111111011011 0000000000101100
1111111111101000 0000000000110010
1111111111110110 0000000000110101
0000000000000101 0000000000110100
0000000000010100 0000000000101111
0000000000100001 0000000000100111
0000000000101100 0000000000011101
0000000000110100 0000000000010010
0000000000111001 0000000000000101
0000000000111010 1111111111111010
0000000000111000 1111111111110000
0000000000110011 1111111111100111
0000000000101011 1111111111100000
0000000000100001 1111111111011100
0000000000010110 1111111111011011
0000000000001010 1111111111011100
1111111111111111 1111111111011111
1111111111110100 1111111111100100
1111111111101011 1111111111101011
1111111111100100 1111111111110011
1111111111011111 1111111111111011
1111111111011101 0000000000000011
1111111111011101 0000000000001010
1111111111011111 0000000000010000
1111111111100011 0000000000010101
1111111111101000 0000000000011000
1111111111101111 0000000000011010
1111111111110110 0000000000011010
1111111111111101 0000000000011001
0000000000000100 0000000000010111
0000000000001010 0000000000010011
0000000000001111 0000000000001111
0000000000010011 0000000000001010
0000000000010101 0000000000000100
0000000000010110 1111111111111110
0000000000010101 1111111111111001
0000000000010010 1111111111110100
0000000000001110 1111111111101111
0000000000001000 1111111111101010
0000000000000001 1111111111100101
1111111111111000 1111111111100001
1111111111101110 1111111111011101
1111111111100011 1111111111011001
1111111111010111 1111111111010110
1111111111001010 1111111111010011
1111111110111100 1111111111010000
1111111110101101 1111111111001100
1111111110011101 1111111111001000
1111111110001100 1111111111000011
1111111101111001 1111111110111100
1111111101100100 1111111110110100
1111111101001101 1111111110101010
1111111100110011 1111111110011101
1111111100010101 1111111110001100
1111111011110010 1111111101110110
1111111011001000 1111111101011011
1111111010010110 1111111100111001
1111111001011010 1111111100001101
1111111000010000 1111111011010110
1111110110110110 1111111010010010
1111110101001000 1111111000111100
1111110011000000 1111110111001111
1111110000010111 1111110101000100
1111101101000101 1111110010011010
1111101001000000 1111101111000010
1111100011111010 1111101010111011
1111011101100101 1111100101111100
1111010101110000 1111100000000001
1111001100001010 1111011001010000
1111000000100010 1111010001111000
1110110010101100 1111001011010101
1110100010111001 1111000111011101
1110010001111011 1111001000111000
1110000001011001 1111010010100011
1101110011110000 1111100110001100
1101101100000000 1111111111101111
1101101011111010 0000010111110111
1101110011000011 0000100111111001
1101111111000000 0000101111000000
1110001101000101 0000101100100101
1110011010011100 0000100011111010
1110100101001100 0000011000101100
1110101100100101 0000001011111100
1110110000001010 1111111110000111
1110101111100101 1111110001000001
1110101011000101 1111100011100001
1110100010100010 1111010110111010
1110010110001101 1111001101101100
1110000111000111 1111001010011000
1101110111000010 1111010000011011
1101101000110000 1111011110111100
1101011110110101 1111111001001000
1101011100110001 0000010011001010
1101100010100000 0000100100100000
1101101101011100 0000101011111000
1101111010100101 0000100111101011
1110000110011101 0000011101101000
1110001111010101 0000001111101100
1110010100000010 1111111111000100
1110010011110000 1111101110000111
1110001110011000 1111011111000000
1110000100011110 1111010010110100
1101110110111010 1111001110001111
1101100111111110 1111010100111010
1101011011000011 1111100101001000
1101010010111111 1111111101010100
1101010010001011 0000010100111001
1101011000011011 0000100010110011
1101100010110110 0000100110010100
1101101110010101 0000100000110110
1101111000001011 0000010010000101
1101111101100101 0000000001101100
1101111110000101 1111110000101001
1101111001011101 1111011111101100
1101101111110001 1111010110010010
1101100011010000 1111010100000001
1101010110000011 1111011111100000
1101001100010011 1111110100101011
1101001000111001 0000001011000110
1101001100001101 0000011101110101
1101010101001001 0000100101001111
1101100000010011 0000011110001111
1101101001010110 0000001111011111
1101101101111110 1111111110101000
1101101101100011 1111101101001010
1101100111111001 1111011111111111
1101011110010010 1111011001010000
1101010010101010 1111011011011001
1101000111101011 1111101100110101
1101000001111010 0000000001100100
1101000010010111 0000010100101100
1101001000100011 0000011101011101
1101010001010111 0000011011011000
1101011001100100 0000010000000001
1101011110010111 0000000001110101
1101011110111001 1111110010010011
1101011010110001 1111100011010011
1101010010001001 1111011011011011
1101000111001010 1111100010010010
1100111110001111 1111110011111101
1100111010100111 0000000111100100
1100111100111000 0000011000100001
1101000100001110 0000011101110111
1101001101001010 0000010111101011
1101010100001111 0000001000000110
1101010110101010 1111110110000100
1101010011101011 1111100011111110
1101001011010001 1111011001100000
1100111111101110 1111011111100111
1100110110000000 1111110010011011
1100110001111011 0000001000000010
1100110100010101 0000011010101001
1100111100010011 0000011111111111
1101000101111000 0000011000001101
1101001101001000 0000000101111111
1101001110111010 1111110001010110
1101001010100000 1111011101010101
1101000000000110 1111010011010101
1100110010101100 1111011110001111
1100101000100011 1111111000010111
1100100110010000 0000011011000000
1100101110010110 0000101101101010
1100111100000010 0000100111101000
1101000111111010 0000010011001001
1101001101101000 1111110101000001
1101001010010100 1111010111000010
1100111110000001 1111001001011000
1100101101101000 1111010100000010
1100100000011100 1111110010000101
1100011100010000 0000011011100010
1100100100100000 0000110011011100
1100110011111010 0000101110100001
1101000001110110 0000010010110111
1101000111011111 1111110010010011
1101000011010111 1111010010011010
1100110101101100 1111000101101011
1100100100001100 1111010100111001
1100010111010000 0000000001000001
1100010111100011 0000101011111001
1100100100101100 0000110111101110
1100110101011001 0000100110010110
1101000000111000 0000000000011010
1101000000111111 1111011000101110
1100110101001101 1111000010011001
1100100010101110 1111001000001000
1100010001111101 1111101111011111
1100001100111111 0000100101000100
1100011000000110 0000111011000110
1100101001110011 0000101111010111
1100110111111111 0000010000110101
1100111101000001 1111100111011001
1100110101101000 1111000110101100
1100100100011100 1110111111111101
1100010001001110 1111011100101101
1100000110101000 0000011000011001
1100001101111011 0001000000000101
1100100001001000 0000111000110011
1100110010001001 0000010100010011
1100111000001110 1111100011111001
1100101111110010 1111000011011101
1100011101100111 1110111111110111
1100001010011000 1111100010010100
1100000001011110 0000011001110000
1100001001001100 0000111011110111
1100011011001000 0000110110101000
1100101011100000 0000010010101001
1100110001000101 1111100010010100
1100101000001011 1110111101010110
1100010100001100 1111000000101110
1100000001001101 1111101101010001
1011111011100101 0000101010111111
1100001000011101 0001000010001100
1100011100010010 0000110000101011
1100101010110111 0000000010100101
1100101011101000 1111010001111000
1100011101110010 1110111001011010
1100001000100111 1111000111100101
1011110111101100 0000001010010000
1011111010110000 0000111100110110
1100001100111111 0001000010011111
1100100000111010 0000011010001000
1100101000101111 1111100010101011
1100011111111011 1110111110010111
1100001100001111 1110111101000111
1011111000001011 1111101001001011
1011110001010100 0000101001110011
1011111101110101 0001001011011110
1100010100011101 0000110100111001
1100100100010011 1111111110100111
1100100011111000 1111000110011101
1100010010100111 1110101011010110
1011111001001110 1111001010001110
1011101001000110 0000011000010100
1011110000011000 0001001101110100
1100000111101101 0001001100100100
1100011110101010 0000011000100111
1100100110000001 1111010101100000
1100011001010001 1110100010001100
1011111101001000 1110110000100111
1011100101010100 0000000101100000
1011100110111101 0001010110000010
1100000000101111 0001010011000000
1100011001100111 0000011001100111
1100100001010010 1111010000010010
1100010010111110 1110100000011010
1011110110010011 1110110111110000
1011100000101000 0000001001010000
1011100011011001 0001010100010110
1011111100101011 0001010101001010
