0000000000000000
0000000000000000
0000000000000000
0000000000000000
0000000000000000
0000000000000000
0000000000000000
0000000000000000
0000000000000001
0000000000000001
0000000000000001
0000000000000010
0000000000000010
0000000000000010
0000000000000010
0000000000000010
0000000000000001
0000000000000000
0000000000000000
1111111111111111
1111111111111110
1111111111111101
1111111111111101
1111111111111100
1111111111111100
1111111111111011
1111111111111011
1111111111111011
1111111111111100
1111111111111101
1111111111111110
1111111111111111
0000000000000000
0000000000000001
0000000000000011
0000000000000100
0000000000000101
0000000000000110
0000000000000111
0000000000001000
0000000000001001
0000000000001001
0000000000001001
0000000000001001
0000000000001001
0000000000001001
0000000000001001
0000000000001001
0000000000001000
0000000000001000
0000000000000111
0000000000000111
0000000000000110
0000000000000110
0000000000000110
0000000000000110
0000000000000110
0000000000000110
0000000000000111
0000000000001000
0000000000001010
0000000000001100
0000000000001110
0000000000010001
0000000000010110
0000000000011011
0000000000100001
0000000000101001
0000000000110011
0000000001000000
0000000001010000
0000000001100100
0000000001111101
0000000010011100
0000000011000011
0000000011110100
0000000100110001
0000000101111101
0000000111011001
0000001001000011
0000001010111000
0000001100101111
0000001110010111
0000001111010101
0000001111011010
0000001110101000
0000001101010001
0000001011101101
0000001010001111
0000001001000101
0000001000010010
0000000111111001
0000000111111101
0000001000011101
0000001001011001
0000001010110000
0000001100011011
0000001110001110
0000001111110110
0000010000111000
0000010000111100
0000010000000100
0000001110100101
0000001100111110
0000001011100110
0000001010101100
0000001010010101
0000001010100110
0000001011011011
0000001100110001
0000001110011100
0000010000001010
0000010001011110
0000010010000101
0000010001101111
0000010000100101
0000001111001001
0000001101110010
0000001100110110
0000001100011111
0000001100110100
0000001101101111
0000001111001001
0000010000101111
0000010010000100
0000010010110010
0000010010101001
0000010001101110
0000010000011001
0000001111001110
0000001110011101
0000001110010011
0000001110110111
0000010000000001
0000010001011100
0000010010110101
0000010011101011
0000010011100111
0000010010101111
0000010001011110
0000010000011000
0000001111110010
0000001111111000
0000010000101010
0000010001111100
0000010011010010
0000010100001001
0000010100001010
0000010011011001
0000010010010000
0000010001010110
0000010000111110
0000010001001110
0000010010000101
0000010011010000
0000010100010001
0000010100101110
0000010100010110
0000010011100001
0000010010101001
0000010010000110
0000010010001100
0000010010111001
0000010011111101
0000010100110101
0000010101001001
0000010100110111
0000010100000110
0000010011010011
0000010010111000
0000010011000111
0000010011111110
0000010100111101
0000010101101010
0000010101101100
0000010101000110
0000010100010011
0000010011110000
0000010011110100
0000010100100001
0000010101100010
0000010110010000
0000010110011100
0000010101111000
0000010100111111
0000010100010000
0000010100001001
0000010100101101
0000010101110111
0000010110111100
0000010111011010
0000010110111000
0000010101110011
0000010100110010
0000010100010111
0000010100110111
0000010110000011
0000010111011100
0000011000001001
0000010111101011
0000010110100000
0000010101010010
0000010100110101
0000010101010100
0000010110101100
0000011000001100
0000011000110110
0000011000001010
0000010110101011
0000010101011011
0000010101001111
0000010110001100
0000010111111100
0000011001010001
0000011001011011
0000011000010110
0000010110110001
0000010101101110
0000010101110010
0000010111000000
0000011000111000
0000011010000101
0000011001110101
0000011000010000
0000010110100011
0000010101110010
0000010110011011
0000011000001100
0000011010000110
0000011010111001
0000011001111011
0000010111111100
0000010110010100
0000010110000001
0000010111011010
0000011001110000
0000011011011111
0000011011001011
0000011001000010
0000010110111000
0000010110001101
0000010111011100
0000011001111100
0000011100000101
0000011011111010
0000011001100010
0000010110111111
0000010110001011
0000010111100011
0000011010011100
0000011100110011
0000011100011110
0000011001111111
0000010111100000
0000010110101010
0000011000000000
