0000000000000000 0000000000000000
0000000000000101 0000000000000000
0000000000001010 0000000000000000
0000000000001111 0000000000000000
0000000000010100 0000000000000000
0000000000011001 0000000000000000
0000000000011110 0000000000000000
0000000000100011 0000000000000000
0000000000101000 0000000000000000
0000000000101101 0000000000000000
0000000000110010 0000000000000000
0000000000110111 0000000000000000
0000000000111100 0000000000000000
0000000001000001 0000000000000000
0000000001000110 0000000000000000
0000000001001011 0000000000000000
0000000001010000 0000000000000000
0000000001010101 0000000000000000
0000000001011010 0000000000000000
0000000001011111 0000000000000000
0000000001100100 0000000000000000
0000000001101001 0000000000000000
0000000001101110 0000000000000000
0000000001110011 0000000000000000
0000000001111000 0000000000000000
0000000001111101 0000000000000000
0000000010000010 0000000000000000
0000000010000111 0000000000000000
0000000010001100 0000000000000000
0000000010010001 0000000000000000
0000000010010110 0000000000000000
0000000010011011 0000000000000000
0000000010100000 0000000000000000
0000000010100101 0000000000000000
0000000010101010 0000000000000000
0000000010101111 0000000000000000
0000000010110100 0000000000000000
0000000010111001 0000000000000000
0000000010111110 0000000000000000
0000000011000011 0000000000000000
0000000011001000 0000000000000000
0000000011001101 0000000000000000
0000000011010010 0000000000000000
0000000011010111 0000000000000000
0000000011011100 0000000000000000
0000000011100001 0000000000000000
0000000011100110 0000000000000000
0000000011101011 0000000000000000
0000000011110000 0000000000000000
0000000011110101 0000000000000000
0000000011111010 0000000000000000
0000000011111111 0000000000000000
0000000100000100 0000000000000000
0000000100001001 0000000000000000
0000000100001110 0000000000000000
0000000100010011 0000000000000000
0000000100011000 0000000000000000
0000000100011101 0000000000000000
0000000100100010 0000000000000000
0000000100100111 0000000000000000
0000000100101100 0000000000000000
0000000100110001 0000000000000000
0000000100110110 0000000000000000
0000000100111011 0000000000000000
0000000101000000 0000000000000000
0000000101000101 0000000000000000
0000000101001010 0000000000000000
0000000101001111 0000000000000000
0000000101010100 0000000000000000
0000000101011001 0000000000000000
0000000101011110 0000000000000000
0000000101100011 0000000000000000
0000000101101000 0000000000000000
0000000101101101 0000000000000000
0000000101110010 0000000000000000
0000000101110111 0000000000000000
0000000101111100 0000000000000000
0000000110000001 0000000000000000
0000000110000110 0000000000000000
0000000110001011 0000000000000000
0000000110010000 0000000000000000
0000000110010101 0000000000000000
0000000110011010 0000000000000000
0000000110011111 0000000000000000
0000000110100100 0000000000000000
0000000110101001 0000000000000000
0000000110101110 0000000000000000
0000000110110011 0000000000000000
0000000110111000 0000000000000000
0000000110111101 0000000000000000
0000000111000010 0000000000000000
0000000111000111 0000000000000000
0000000111001100 0000000000000000
0000000111010001 0000000000000000
0000000111010110 0000000000000000
0000000111011011 0000000000000000
0000000111100000 0000000000000000
0000000111100101 0000000000000000
0000000111101010 0000000000000000
0000000111101111 0000000000000000
0000000111110100 0000000000000000
0000000111111001 0000000000000000
0000000111111110 0000000000000000
0000001000000011 0000000000000000
0000001000001000 0000000000000000
0000001000001101 0000000000000000
0000001000010010 0000000000000000
0000001000010111 0000000000000000
0000001000011100 0000000000000000
0000001000100001 0000000000000000
0000001000100110 0000000000000000
0000001000101011 0000000000000000
0000001000110000 0000000000000000
0000001000110101 0000000000000000
0000001000111010 0000000000000000
0000001000111111 0000000000000000
0000001001000100 0000000000000000
0000001001001001 0000000000000000
0000001001001110 0000000000000000
0000001001010011 0000000000000000
0000001001011000 0000000000000000
0000001001011101 0000000000000000
0000001001100010 0000000000000000
0000001001100111 0000000000000000
0000001001101100 0000000000000000
0000001001110001 0000000000000000
0000001001110110 0000000000000000
0000001001111011 0000000000000000
0000001010000000 0000000000000000
0000001010000101 0000000000000000
0000001010001010 0000000000000000
0000001010001111 0000000000000000
0000001010010100 0000000000000000
0000001010011001 0000000000000000
0000001010011110 0000000000000000
0000001010100011 0000000000000000
0000001010101000 0000000000000000
0000001010101101 0000000000000000
0000001010110010 0000000000000000
0000001010110111 0000000000000000
0000001010111100 0000000000000000
0000001011000001 0000000000000000
0000001011000110 0000000000000000
0000001011001011 0000000000000000
0000001011010000 0000000000000000
0000001011010101 0000000000000000
0000001011011010 0000000000000000
0000001011011111 0000000000000000
0000001011100100 0000000000000000
0000001011101001 0000000000000000
0000001011101110 0000000000000000
0000001011110011 0000000000000000
0000001011111000 0000000000000000
0000001011111101 0000000000000000
0000001100000010 0000000000000000
0000001100000111 0000000000000000
0000001100001100 0000000000000000
0000001100010001 0000000000000000
0000001100010110 0000000000000000
0000001100011011 0000000000000000
0000001100100000 0000000000000000
0000001100100101 0000000000000000
0000001100101010 0000000000000000
0000001100101111 0000000000000000
0000001100110100 0000000000000000
0000001100111001 0000000000000000
0000001100111110 0000000000000000
0000001101000011 0000000000000000
0000001101001000 0000000000000000
0000001101001101 0000000000000000
0000001101010010 0000000000000000
0000001101010111 0000000000000000
0000001101011100 0000000000000000
0000001101100001 0000000000000000
0000001101100110 0000000000000000
0000001101101011 0000000000000000
0000001101110000 0000000000000000
0000001101110101 0000000000000000
0000001101111010 0000000000000000
0000001101111111 0000000000000000
0000001110000100 0000000000000000
0000001110001001 0000000000000000
0000001110001110 0000000000000000
0000001110010011 0000000000000000
0000001110011000 0000000000000000
0000001110011101 0000000000000000
0000001110100010 0000000000000000
0000001110100111 0000000000000000
0000001110101100 0000000000000000
0000001110110001 0000000000000000
0000001110110110 0000000000000000
0000001110111011 0000000000000000
0000001111000000 0000000000000000
0000001111000101 0000000000000000
0000001111001010 0000000000000000
0000001111001111 0000000000000000
0000001111010100 0000000000000000
0000001111011001 0000000000000000
0000001111011110 0000000000000000
0000001111100011 0000000000000000
0000001111101000 0000000000000000
0000001111101101 0000000000000000
0000001111110010 0000000000000000
0000001111110111 0000000000000000
0000001111111100 0000000000000000
0000010000000001 0000000000000000
0000010000000110 0000000000000000
0000010000001011 0000000000000000
0000010000010000 0000000000000000
0000010000010101 0000000000000000
0000010000011010 0000000000000000
0000010000011111 0000000000000000
0000010000100100 0000000000000000
0000010000101001 0000000000000000
0000010000101110 0000000000000000
0000010000110011 0000000000000000
0000010000111000 0000000000000000
0000010000111101 0000000000000000
0000010001000010 0000000000000000
0000010001000111 0000000000000000
0000010001001100 0000000000000000
0000010001010001 0000000000000000
0000010001010110 0000000000000000
0000010001011011 0000000000000000
0000010001100000 0000000000000000
0000010001100101 0000000000000000
0000010001101010 0000000000000000
0000010001101111 0000000000000000
0000010001110100 0000000000000000
0000010001111001 0000000000000000
0000010001111110 0000000000000000
0000010010000011 0000000000000000
0000010010001000 0000000000000000
0000010010001101 0000000000000000
0000010010010010 0000000000000000
0000010010010111 0000000000000000
0000010010011100 0000000000000000
0000010010100001 0000000000000000
0000010010100110 0000000000000000
0000010010101011 0000000000000000
0000010010110000 0000000000000000
0000010010110101 0000000000000000
0000010010111010 0000000000000000
0000010010111111 0000000000000000
0000010011000100 0000000000000000
0000010011001001 0000000000000000
0000010011001110 0000000000000000
0000010011010011 0000000000000000
0000010011011000 0000000000000000
0000010011011101 0000000000000000
0000010011100010 0000000000000000
0000010011100111 0000000000000000
0000010011101100 0000000000000000
0000010011110001 0000000000000000
0000010011110110 0000000000000000
0000010011111011 0000000000000000
