00000000000000011001100110011001
00000000000000001100110011001100
00000000010100000000000000000000
00000000000100000000000000000000
00000000000000011001100110011001
00000000000100000000000000000000
00000000000100000000000000000000
00000000000000000000000000000000
00000000000000000000000000000000
00000000000000000000000000000000
00000000000000000000000000000000
00000000000000000000000000000000
00000000000000000000000000000000
00000000000000000000000000000000
00000000000000000000000000000000
00000000000000000000000000000000
00000000000000000000000000000000
00000000000000000000000000000000
00000000000000000000000000000000
00000000000000000000000000000000
00000000000000000000000000000000
00000000000000000000000000000000
00000000000000000000000000000000
00000000000000000000000000000000
00000000000000011001100110011001
00000000000000110001110100001000
00000000000000110001110100001000
00000000000000011101111000111000
00000000000000100111110110100000
00000000000000011101111000111000
00000000000000100010110111101100
00000000000000100111110110100000
00000000000000011000111010000100
00000000000000011000111010000100
00000000000000011000111010000100
00000000000000001110111100011100
00000000000000110001110100001000
00000000000000001110111100011100
00000000000000001110111100011100
00000000000000000000000000000000
00000000000000000000000000000000
00000000000000110001110100001000
00000000000000010011111011010000
00000000000000110001110100001000
00000000000000001001111101101000
00000000000000011000111010000100
00000000000000001110111100011100
00000000000000100010110111101100
00000000000000011101111000111000
00000000000000110001110100001000
00000000000000101100110101010100
00000000000000011000111010000100
00000000000000000000000000000000
00000000000000000000000000000000
00000000000000000000000000000000
00000000000000001110111100011100
00000000000000110001110100001000
00000000000000110001110100001000
00000000000000010011111011010000
00000000000000110001110100001000
00000000000000010011111011010000
00000000000000101100110101010100
00000000000000001001111101101000
00000000000000110001110100001000
00000000000000011000111010000100
00000000000000101100110101010100
00000000000000101100110101010100
00000000000000100111110110100000
00000000000000100010110111101100
00000000000000001001111101101000
00000000000000000000000000000000
00000000000000101100110101010100
00000000000000101100110101010100
00000000000000011101111000111000
00000000000000110001110100001000
00000000000000110001110100001000
00000000000000110001110100001000
00000000000000011101111000111000
00000000000000001110111100011100
00000000000000100111110110100000
00000000000000000000000000000000
00000000000000010011111011010000
00000000000000110001110100001000
00000000000000011101111000111000
00000000000000011000111010000100
00000000000000100010110111101100
00000000000000011000111010000100
00000000000000010011111011010000
00000000000000000000000000000000
00000000000000100111110110100000
00000000000000001001111101101000
00000000000000010011111011010000
00000000000000110001110100001000
00000000000000001110111100011100
00000000000000000100111110110100
00000000000000000000000000000000
00000000000000001001111101101000
00000000000000001110111100011100
00000000000000000000000000000000
00000000000000001001111101101000
00000000000000110001110100001000
00000000000000100010110111101100
00000000000000100111110110100000
00000000000000000100111110110100
00000000000000011000111010000100
00000000000000011101111000111000
00000000000000011000111010000100
00000000000000101100110101010100
00000000000000011101111000111000
00000000000000001110111100011100
00000000000000011101111000111000
00000000000000000000000000000000
00000000000000000000000000000000
00000000000000010011111011010000
00000000000000001001111101101000
00000000000000000100111110110100
00000000000000011101111000111000
00000000000000110001110100001000
00000000000000011101111000111000
00000000000000011101111000111000
00000000000000001110111100011100
00000000000000100010110111101100
00000000000000001110111100011100
00000000000000001001111101101000
00000000000000001110111100011100
00000000000000000100111110110100
00000000000000011101111000111000
00000000000000100010110111101100
00000000000000001001111101101000
00000000000000000100111110110100
00000000000000000000000000000000
00000000000000100111110110100000
00000000000000010011111011010000
00000000000000010011111011010000
00000000000000110001110100001000
00000000000000110001110100001000
00000000000000011101111000111000
00000000000000100111110110100000
00000000000000100010110111101100
00000000000000110001110100001000
00000000000000100111110110100000
00000000000000000000000000000000
00000000000000000000000000000000
00000000000000100010110111101100
00000000000000000000000000000000
00000000000000011000111010000100
00000000000000011000111010000100
00000000000000001110111100011100
00000000000000100111110110100000
00000000000000110001110100001000
00000000000000100111110110100000
00000000000000101100110101010100
00000000000000100111110110100000
00000000000000011000111010000100
00000000000000011101111000111000
00000000000000011000111010000100
00000000000000000000000000000000
00000000000000001001111101101000
00000000000000000000000000000000
00000000000000001001111101101000
00000000000000000000000000000000
00000000000000011101111000111000
00000000000000001001111101101000
00000000000000100010110111101100
00000000000000100111110110100000
00000000000000011000111010000100
00000000000000000100111110110100
00000000000000101100110101010100
00000000000000110001110100001000
00000000000000011000111010000100
00000000000000110001110100001000
00000000000000101100110101010100
00000000000000010011111011010000
00000000000000001110111100011100
00000000000000010011111011010000
00000000000000000100111110110100
00000000000000011000111010000100
00000000000000011101111000111000
00000000000000001110111100011100
00000000000000100111110110100000
00000000000000001110111100011100
00000000000000000100111110110100
00000000000000100010110111101100
00000000000000011000111010000100
00000000000000010011111011010000
00000000000000011000111010000100
00000000000000101100110101010100
00000000000000101100110101010100
00000000000000110001110100001000
00000000000000000000000000000000
00000000000000001001111101101000
00000000000000000000000000000000
00000000000000011000111010000100
00000000000000001001111101101000
00000000000000001110111100011100
00000000000000010011111011010000
00000000000000001110111100011100
00000000000000011101111000111000
00000000000000100111110110100000
00000000000000011000111010000100
00000000000000000100111110110100
00000000000000001110111100011100
00000000000000011000111010000100
00000000000000100111110110100000
00000000000000011101111000111000
00000000000000001001111101101000
00000000000000000100111110110100
00000000000000100111110110100000
00000000000000001110111100011100
00000000000000100010110111101100
00000000000000100111110110100000
00000000000000010011111011010000
00000000000000011101111000111000
00000000000000100010110111101100
00000000000000010011111011010000
00000000000000110001110100001000
00000000000000101100110101010100
00000000000000110001110100001000
00000000000000000000000000000000
00000000000000100010110111101100
00000000000000011000111010000100
00000000000000110001110100001000
00000000000000011101111000111000
00000000000000010011111011010000
00000000000000100111110110100000
00000000000000100111110110100000
00000000000000001110111100011100
00000000000000001110111100011100
00000000000000011101111000111000
00000000000000011101111000111000
00000000000000001110111100011100
00000000000000011101111000111000
00000000000000110001110100001000
00000000000000001110111100011100
00000000000000000000000000000000
00000000000000001001111101101000
00000000000000100010110111101100
00000000000000100010110111101100
00000000000000110001110100001000
00000000000000010011111011010000
00000000000000110001110100001000
00000000000000011000111010000100
00000000000000000100111110110100
00000000000000011101111000111000
00000000000000100010110111101100
00000000000000011101111000111000
00000000000000110001110100001000
00000000000000011000111010000100
00000000000000001001111101101000
00000000000000001110111100011100
00000000000000000000000000000000
00000000000000000000000000000000
00000000000000011000111010000100
00000000000000100111110110100000
00000000000000011101111000111000
00000000000000110001110100001000
00000000000000100111110110100000
00000000000000000100111110110100
00000000000000100010110111101100
00000000000000100111110110100000
00000000000000010011111011010000
00000000000000001110111100011100
00000000000000110001110100001000
00000000000000011101111000111000
00000000000000100111110110100000
00000000000000000000000000000000
00000000000000001110111100011100
00000000000000101100110101010100
00000000000000010011111011010000
00000000000000000100111110110100
00000000000000011101111000111000
00000000000000110001110100001000
00000000000000101100110101010100
00000000000000101100110101010100
00000000000000011000111010000100
00000000000000011000111010000100
00000000000000110001110100001000
00000000000000011101111000111000
00000000000000011000111010000100
00000000000000011101111000111000
00000000000000110001110100001000
00000000000000000000000000000000
00000000000000110001110100001000
00000000000000101100110101010100
00000000000000000000000000000000
00000000000000011000111010000100
00000000000000001110111100011100
00000000000000011101111000111000
00000000000000100111110110100000
00000000000000110001110100001000
00000000000000010011111011010000
00000000000000000100111110110100
00000000000000101100110101010100
00000000000000110001110100001000
00000000000000001001111101101000
00000000000000100111110110100000
00000000000000110001110100001000
