00000000000000011001100110011001
00000000000000001100110011001100
00000000010100000000000000000000
00000000000100000000000000000000
00000000000000011001100110011001
00000000000100000000000000000000
00000000000100000000000000000000
00000000000000000000000000000000
00000000000000000000000000000000
00000000000000000000000000000000
00000000000000000000000000000000
00000000000000000000000000000000
00000000000000000000000000000000
00000000000000000000000000000000
00000000000000000000000000000000
00000000000000000000000000000000
00000000000000000000000000000000
00000000000000000000000000000000
00000000000000000000000000000000
00000000000000000000000000000000
00000000000000011001100110011001
00000000000000101011001101010110
00000000000000111101101110100000
00000000000000110001011000011010
00000000000000011110110111010000
00000000000000001100010110000110
00000000000000011000101100001101
00000000000000011000101100001101
00000000000000000110001011000011
00000000000000010010100001001001
00000000000000000000000000000000
00000000000000000000000000000000
00000000000000000000000000000000
00000000000000101011001101010110
00000000000000010010100001001001
00000000000000010010100001001001
00000000000000111101101110100000
00000000000000100101000010010011
00000000000000000110001011000011
00000000000000111101101110100000
00000000000000110111100011011101
00000000000000011110110111010000
00000000000000011000101100001101
00000000000000001100010110000110
00000000000000011000101100001101
00000000000000111101101110100000
00000000000000010010100001001001
00000000000000000110001011000011
00000000000000000110001011000011
00000000000000011110110111010000
00000000000000110001011000011010
00000000000000101011001101010110
00000000000000011110110111010000
00000000000000000110001011000011
00000000000000000110001011000011
00000000000000001100010110000110
00000000000000101011001101010110
00000000000000110001011000011010
00000000000000010010100001001001
00000000000000000110001011000011
00000000000000101011001101010110
00000000000000101011001101010110
00000000000000011110110111010000
00000000000000111101101110100000
00000000000000110001011000011010
00000000000000100101000010010011
00000000000000110111100011011101
00000000000000100101000010010011
00000000000000000110001011000011
00000000000000011110110111010000
00000000000000111101101110100000
00000000000000000110001011000011
00000000000000101011001101010110
00000000000000001100010110000110
00000000000000010010100001001001
00000000000000001100010110000110
00000000000000110001011000011010
00000000000000011110110111010000
00000000000000001100010110000110
00000000000000011000101100001101
00000000000000111101101110100000
00000000000000001100010110000110
00000000000000100101000010010011
00000000000000011110110111010000
00000000000000101011001101010110
00000000000000001100010110000110
00000000000000000000000000000000
00000000000000101011001101010110
00000000000000011000101100001101
00000000000000000000000000000000
00000000000000101011001101010110
00000000000000011110110111010000
00000000000000100101000010010011
00000000000000011000101100001101
00000000000000000110001011000011
00000000000000110001011000011010
00000000000000011110110111010000
00000000000000010010100001001001
00000000000000000000000000000000
00000000000000000110001011000011
00000000000000011110110111010000
00000000000000101011001101010110
00000000000000100101000010010011
00000000000000100101000010010011
00000000000000110001011000011010
00000000000000011000101100001101
00000000000000111101101110100000
00000000000000101011001101010110
00000000000000111101101110100000
00000000000000001100010110000110
00000000000000101011001101010110
00000000000000000110001011000011
00000000000000111101101110100000
00000000000000001100010110000110
00000000000000011110110111010000
00000000000000101011001101010110
00000000000000111101101110100000
00000000000000000110001011000011
00000000000000110111100011011101
00000000000000011110110111010000
00000000000000110001011000011010
00000000000000110001011000011010
00000000000000011000101100001101
00000000000000011110110111010000
00000000000000111101101110100000
00000000000000100101000010010011
00000000000000101011001101010110
00000000000000000000000000000000
00000000000000100101000010010011
00000000000000010010100001001001
00000000000000011110110111010000
00000000000000000110001011000011
00000000000000100101000010010011
00000000000000011110110111010000
00000000000000000000000000000000
00000000000000101011001101010110
00000000000000001100010110000110
00000000000000100101000010010011
00000000000000100101000010010011
00000000000000011110110111010000
00000000000000011000101100001101
00000000000000000000000000000000
00000000000000011000101100001101
00000000000000000110001011000011
00000000000000110111100011011101
00000000000000001100010110000110
00000000000000101011001101010110
00000000000000100101000010010011
00000000000000011110110111010000
00000000000000101011001101010110
00000000000000100101000010010011
00000000000000101011001101010110
00000000000000111101101110100000
00000000000000000000000000000000
00000000000000001100010110000110
00000000000000001100010110000110
00000000000000100101000010010011
00000000000000011000101100001101
00000000000000011110110111010000
00000000000000100101000010010011
00000000000000101011001101010110
00000000000000000000000000000000
00000000000000011110110111010000
00000000000000101011001101010110
00000000000000000110001011000011
00000000000000000000000000000000
00000000000000011000101100001101
00000000000000101011001101010110
00000000000000000110001011000011
00000000000000111101101110100000
00000000000000100101000010010011
00000000000000110001011000011010
00000000000000111101101110100000
00000000000000100101000010010011
00000000000000011000101100001101
00000000000000111101101110100000
00000000000000000110001011000011
