00000000000000011001100110011001
00000000000000001100110011001100
00000000010100000000000000000000
00000000000100000000000000000000
00000000000000011001100110011001
00000000000100000000000000000000
00000000000100000000000000000000
00000000000000000000000000000000
00000000000000000000000000000000
00000000000000000000000000000000
00000000000000000000000000000000
00000000000000000000000000000000
00000000000000000000000000000000
00000000000000000000000000000000
00000000000000000000000000000000
00000000000000000000000000000000
00000000000000000000000000000000
00000000000000000000000000000000
00000000000000000000000000000000
00000000000000000000000000000000
00000000000000000000000000000000
00000000000000000000000000000000
00000000000000011001100110011001
00000000000000100110111000100000
00000000000000101100011100000000
00000000000000010110001110000000
00000000000000100001010101000000
00000000000000001011000111000000
00000000000000010110001110000000
00000000000000010110001110000000
00000000000000100001010101000000
00000000000000100001010101000000
00000000000000010000101010100000
00000000000000010000101010100000
00000000000000000000000000000000
00000000000000000000000000000000
00000000000000000000000000000000
00000000000000100110111000100000
00000000000000010110001110000000
00000000000000001011000111000000
00000000000000100001010101000000
00000000000000110111100011000000
00000000000000100110111000100000
00000000000000110111100011000000
00000000000000010110001110000000
00000000000000100110111000100000
00000000000000010110001110000000
00000000000000000000000000000000
00000000000000000101100011100000
00000000000000001011000111000000
00000000000000001011000111000000
00000000000000101100011100000000
00000000000000010110001110000000
00000000000000100001010101000000
00000000000000110111100011000000
00000000000000010000101010100000
00000000000000000101100011100000
00000000000000110001111111100000
00000000000000000000000000000000
00000000000000010110001110000000
00000000000000100001010101000000
00000000000000110001111111100000
00000000000000000101100011100000
00000000000000000000000000000000
00000000000000100001010101000000
00000000000000010110001110000000
00000000000000001011000111000000
00000000000000100001010101000000
00000000000000110001111111100000
00000000000000100001010101000000
00000000000000101100011100000000
00000000000000010110001110000000
00000000000000100001010101000000
00000000000000100110111000100000
00000000000000100110111000100000
00000000000000110001111111100000
00000000000000101100011100000000
00000000000000010110001110000000
00000000000000100110111000100000
00000000000000100001010101000000
00000000000000100001010101000000
00000000000000110111100011000000
00000000000000110001111111100000
00000000000000010110001110000000
00000000000000010110001110000000
00000000000000001011000111000000
00000000000000101100011100000000
00000000000000110001111111100000
00000000000000000000000000000000
00000000000000110001111111100000
00000000000000001011000111000000
00000000000000110111100011000000
00000000000000001011000111000000
00000000000000001011000111000000
00000000000000110111100011000000
00000000000000010000101010100000
00000000000000100001010101000000
00000000000000010110001110000000
00000000000000000101100011100000
00000000000000001011000111000000
00000000000000100001010101000000
00000000000000001011000111000000
00000000000000110111100011000000
00000000000000011011110001100000
00000000000000100110111000100000
00000000000000110001111111100000
00000000000000110111100011000000
00000000000000010110001110000000
00000000000000100110111000100000
00000000000000000101100011100000
00000000000000101100011100000000
00000000000000010110001110000000
00000000000000000101100011100000
00000000000000100110111000100000
00000000000000100001010101000000
00000000000000010000101010100000
00000000000000100001010101000000
00000000000000010000101010100000
00000000000000101100011100000000
00000000000000001011000111000000
00000000000000000000000000000000
00000000000000010110001110000000
00000000000000110111100011000000
00000000000000110001111111100000
00000000000000010110001110000000
00000000000000001011000111000000
00000000000000001011000111000000
00000000000000100110111000100000
00000000000000000101100011100000
00000000000000110001111111100000
00000000000000001011000111000000
00000000000000001011000111000000
00000000000000010110001110000000
00000000000000100001010101000000
00000000000000100001010101000000
00000000000000100001010101000000
00000000000000010110001110000000
00000000000000000000000000000000
00000000000000100001010101000000
00000000000000101100011100000000
00000000000000100001010101000000
00000000000000100001010101000000
00000000000000000101100011100000
00000000000000011011110001100000
00000000000000100001010101000000
00000000000000101100011100000000
00000000000000011011110001100000
00000000000000010000101010100000
00000000000000100001010101000000
00000000000000100001010101000000
00000000000000100110111000100000
00000000000000010110001110000000
00000000000000100110111000100000
00000000000000110001111111100000
00000000000000001011000111000000
00000000000000010000101010100000
00000000000000110001111111100000
00000000000000011011110001100000
00000000000000100001010101000000
00000000000000000000000000000000
00000000000000110111100011000000
00000000000000011011110001100000
00000000000000100110111000100000
00000000000000010000101010100000
00000000000000010110001110000000
00000000000000100001010101000000
00000000000000100110111000100000
00000000000000000000000000000000
00000000000000110111100011000000
00000000000000100001010101000000
00000000000000001011000111000000
00000000000000100001010101000000
00000000000000100001010101000000
00000000000000001011000111000000
00000000000000100110111000100000
00000000000000110111100011000000
00000000000000010110001110000000
00000000000000010000101010100000
00000000000000000000000000000000
00000000000000110001111111100000
00000000000000110001111111100000
00000000000000110001111111100000
00000000000000011011110001100000
00000000000000010000101010100000
00000000000000001011000111000000
00000000000000101100011100000000
00000000000000000000000000000000
00000000000000001011000111000000
00000000000000110111100011000000
00000000000000110111100011000000
00000000000000010000101010100000
00000000000000000000000000000000
00000000000000000101100011100000
00000000000000000101100011100000
00000000000000101100011100000000
00000000000000001011000111000000
00000000000000100110111000100000
00000000000000101100011100000000
00000000000000010110001110000000
00000000000000011011110001100000
00000000000000110111100011000000
00000000000000100110111000100000
00000000000000110111100011000000
00000000000000100110111000100000
00000000000000110001111111100000
00000000000000000000000000000000
00000000000000001011000111000000
00000000000000000000000000000000
00000000000000010110001110000000
00000000000000110111100011000000
00000000000000110001111111100000
00000000000000001011000111000000
00000000000000100001010101000000
00000000000000010000101010100000
00000000000000011011110001100000
00000000000000110111100011000000
00000000000000110111100011000000
00000000000000100110111000100000
00000000000000011011110001100000
00000000000000000000000000000000
00000000000000001011000111000000
00000000000000100001010101000000
00000000000000100110111000100000
00000000000000001011000111000000
00000000000000110111100011000000
00000000000000000000000000000000
00000000000000100001010101000000
00000000000000100001010101000000
00000000000000100110111000100000
00000000000000010110001110000000
00000000000000010000101010100000
00000000000000110001111111100000
00000000000000011011110001100000
