00000000000000011001100110011001
00000000000000001100110011001100
00000000010100000000000000000000
00000000000100000000000000000000
00000000000000011001100110011001
00000000000100000000000000000000
00000000000100000000000000000000
00000000000000000000000000000000
00000000000000000000000000000000
00000000000000000000000000000000
00000000000000000000000000000000
00000000000000000000000000000000
00000000000000000000000000000000
00000000000000000000000000000000
00000000000000000000000000000000
00000000000000000000000000000000
00000000000000000000000000000000
00000000000000000000000000000000
00000000000000000000000000000000
00000000000000000000000000000000
00000000000000000000000000000000
00000000000000000000000000000000
00000000000000000000000000000000
00000000000000011001100110011001
00000000000000010000001101000010
00000000000000100000011010000101
00000000000000101011001101011100
00000000000000000101011001101011
00000000000000110110000000110011
00000000000000110110000000110011
00000000000000100101110011110000
00000000000000110110000000110011
00000000000000101011001101011100
00000000000000100101110011110000
00000000000000011011000000011001
00000000000000110000100111000111
00000000000000101011001101011100
00000000000000110000100111000111
00000000000000101011001101011100
00000000000000010000001101000010
00000000000000010000001101000010
00000000000000001010110011010111
00000000000000110110000000110011
00000000000000100101110011110000
00000000000000011011000000011001
00000000000000110000100111000111
00000000000000100101110011110000
00000000000000000101011001101011
00000000000000001010110011010111
00000000000000010000001101000010
00000000000000000000000000000000
00000000000000000000000000000000
00000000000000000000000000000000
00000000000000000000000000000000
00000000000000100000011010000101
00000000000000010000001101000010
00000000000000101011001101011100
00000000000000000101011001101011
00000000000000101011001101011100
00000000000000100101110011110000
00000000000000001010110011010111
00000000000000010101100110101110
00000000000000010101100110101110
00000000000000010000001101000010
00000000000000100000011010000101
00000000000000101011001101011100
00000000000000011011000000011001
00000000000000101011001101011100
00000000000000000101011001101011
00000000000000101011001101011100
00000000000000001010110011010111
00000000000000101011001101011100
00000000000000100000011010000101
00000000000000000101011001101011
00000000000000101011001101011100
00000000000000000101011001101011
00000000000000000101011001101011
00000000000000011011000000011001
00000000000000010101100110101110
00000000000000011011000000011001
00000000000000001010110011010111
00000000000000100101110011110000
00000000000000000101011001101011
00000000000000001010110011010111
00000000000000000101011001101011
00000000000000110110000000110011
00000000000000000101011001101011
00000000000000100000011010000101
00000000000000100000011010000101
00000000000000110110000000110011
00000000000000110110000000110011
00000000000000100101110011110000
00000000000000000101011001101011
00000000000000110000100111000111
00000000000000101011001101011100
00000000000000001010110011010111
00000000000000000101011001101011
00000000000000001010110011010111
00000000000000011011000000011001
00000000000000110110000000110011
00000000000000100101110011110000
00000000000000101011001101011100
00000000000000000101011001101011
00000000000000100000011010000101
00000000000000100000011010000101
00000000000000110110000000110011
00000000000000000101011001101011
00000000000000010000001101000010
00000000000000110000100111000111
00000000000000010101100110101110
00000000000000110110000000110011
00000000000000100101110011110000
00000000000000100101110011110000
00000000000000010000001101000010
00000000000000110110000000110011
00000000000000011011000000011001
00000000000000100101110011110000
00000000000000101011001101011100
00000000000000110110000000110011
00000000000000100000011010000101
00000000000000011011000000011001
00000000000000000101011001101011
00000000000000100101110011110000
00000000000000000101011001101011
00000000000000010101100110101110
00000000000000010000001101000010
00000000000000100101110011110000
00000000000000110110000000110011
00000000000000011011000000011001
00000000000000100101110011110000
00000000000000110000100111000111
00000000000000001010110011010111
00000000000000000101011001101011
00000000000000110110000000110011
00000000000000110110000000110011
00000000000000011011000000011001
00000000000000000000000000000000
00000000000000000000000000000000
00000000000000010101100110101110
00000000000000011011000000011001
00000000000000010000001101000010
00000000000000100101110011110000
00000000000000001010110011010111
00000000000000100000011010000101
00000000000000110110000000110011
00000000000000100101110011110000
00000000000000010101100110101110
00000000000000000101011001101011
00000000000000100101110011110000
00000000000000000101011001101011
00000000000000000101011001101011
00000000000000000000000000000000
00000000000000110000100111000111
00000000000000101011001101011100
00000000000000100000011010000101
00000000000000011011000000011001
00000000000000010101100110101110
00000000000000100000011010000101
00000000000000010101100110101110
00000000000000101011001101011100
00000000000000000101011001101011
00000000000000010101100110101110
00000000000000011011000000011001
00000000000000000101011001101011
00000000000000010000001101000010
00000000000000100101110011110000
00000000000000000000000000000000
00000000000000110000100111000111
00000000000000110110000000110011
00000000000000110000100111000111
00000000000000000000000000000000
00000000000000000000000000000000
00000000000000101011001101011100
00000000000000001010110011010111
00000000000000100101110011110000
00000000000000001010110011010111
00000000000000010000001101000010
00000000000000010101100110101110
00000000000000110000100111000111
00000000000000110000100111000111
00000000000000000101011001101011
00000000000000010101100110101110
00000000000000101011001101011100
00000000000000110110000000110011
00000000000000011011000000011001
00000000000000011011000000011001
00000000000000001010110011010111
00000000000000011011000000011001
00000000000000010101100110101110
00000000000000011011000000011001
00000000000000010000001101000010
00000000000000100000011010000101
00000000000000011011000000011001
00000000000000101011001101011100
00000000000000010101100110101110
00000000000000010101100110101110
00000000000000011011000000011001
00000000000000100000011010000101
00000000000000110000100111000111
00000000000000011011000000011001
00000000000000000000000000000000
00000000000000100101110011110000
00000000000000100101110011110000
00000000000000001010110011010111
00000000000000110000100111000111
00000000000000000000000000000000
00000000000000101011001101011100
00000000000000001010110011010111
00000000000000001010110011010111
00000000000000110110000000110011
00000000000000010000001101000010
00000000000000010000001101000010
00000000000000011011000000011001
00000000000000000000000000000000
00000000000000011011000000011001
00000000000000000000000000000000
00000000000000010101100110101110
00000000000000110110000000110011
00000000000000010000001101000010
00000000000000101011001101011100
00000000000000000000000000000000
00000000000000011011000000011001
00000000000000100101110011110000
00000000000000000101011001101011
00000000000000100101110011110000
00000000000000100101110011110000
00000000000000100101110011110000
00000000000000010101100110101110
00000000000000000000000000000000
00000000000000001010110011010111
00000000000000100101110011110000
00000000000000010101100110101110
00000000000000110110000000110011
00000000000000010101100110101110
00000000000000110000100111000111
00000000000000000000000000000000
00000000000000101011001101011100
00000000000000000101011001101011
00000000000000001010110011010111
00000000000000100101110011110000
00000000000000110110000000110011
00000000000000001010110011010111
00000000000000100000011010000101
00000000000000101011001101011100
00000000000000011011000000011001
00000000000000100101110011110000
00000000000000110110000000110011
00000000000000110110000000110011
00000000000000101011001101011100
00000000000000101011001101011100
00000000000000000000000000000000
00000000000000000101011001101011
00000000000000001010110011010111
00000000000000011011000000011001
00000000000000010000001101000010
00000000000000011011000000011001
00000000000000100000011010000101
00000000000000010101100110101110
00000000000000001010110011010111
00000000000000010101100110101110
00000000000000001010110011010111
00000000000000010000001101000010
00000000000000010101100110101110
00000000000000101011001101011100
