00000000000000011001100110011001
00000000000000001100110011001100
00000000010100000000000000000000
00000000000100000000000000000000
00000000000000011001100110011001
00000000000100000000000000000000
00000000000100000000000000000000
00000000000000000000000000000000
00000000000000000000000000000000
00000000000000000000000000000000
00000000000000000000000000000000
00000000000000000000000000000000
00000000000000000000000000000000
00000000000000011001100110011001
00000000000001001110111110000110
00000000000001000110001100100010
00000000000001001110111110000110
00000000000000101011110111110101
00000000000001010111101111101010
00000000000001001110111110000110
00000000000000100011000110010001
00000000000000011010010100101100
00000000000000010001100011001000
00000000000001001110111110000110
00000000000001000110001100100010
00000000000000100011000110010001
00000000000000010001100011001000
00000000000000100011000110010001
00000000000000100011000110010001
00000000000001001110111110000110
00000000000000011010010100101100
00000000000000010001100011001000
00000000000000001000110001100100
00000000000000011010010100101100
00000000000000101011110111110101
00000000000000010001100011001000
00000000000000100011000110010001
00000000000000001000110001100100
00000000000000101011110111110101
00000000000001010111101111101010
00000000000001001110111110000110
00000000000000100011000110010001
00000000000000011010010100101100
00000000000000101011110111110101
