00000000000000011001100110011001
00000000000000001100110011001100
00000000010100000000000000000000
00000000000100000000000000000000
00000000000000011001100110011001
00000000000100000000000000000000
00000000000100000000000000000000
00000000000000000000000000000000
00000000000000000000000000000000
00000000000000000000000000000000
00000000000000000000000000000000
00000000000000000000000000000000
00000000000000000000000000000000
00000000000000000000000000000000
00000000000000000000000000000000
00000000000000000000000000000000
00000000000000000000000000000000
00000000000000000000000000000000
00000000000000000000000000000000
00000000000000000000000000000000
00000000000000000000000000000000
00000000000000000000000000000000
00000000000000000000000000000000
00000000000000000000000000000000
00000000000000000000000000000000
00000000000000000000000000000000
00000000000000011001100110011001
00000000000000010011001111111110
00000000000000100110011111111100
00000000000000001110011011111110
00000000000000011100110111111101
00000000000000000100110011111111
00000000000000010011001111111110
00000000000000100110011111111100
00000000000000110000000111111011
00000000000000100110011111111100
00000000000000011100110111111101
00000000000000010011001111111110
00000000000000100001101011111100
00000000000000011100110111111101
00000000000000011000000011111101
00000000000000000000000000000000
00000000000000000000000000000000
00000000000000000000000000000000
00000000000000000000000000000000
00000000000000010011001111111110
00000000000000110000000111111011
00000000000000000100110011111111
00000000000000011000000011111101
00000000000000100110011111111100
00000000000000100001101011111100
00000000000000010011001111111110
00000000000000110000000111111011
00000000000000001001100111111111
00000000000000011000000011111101
00000000000000000100110011111111
00000000000000011000000011111101
00000000000000100110011111111100
00000000000000000000000000000000
00000000000000100001101011111100
00000000000000001001100111111111
00000000000000101011010011111011
00000000000000100001101011111100
00000000000000100110011111111100
00000000000000110000000111111011
00000000000000010011001111111110
00000000000000100110011111111100
00000000000000001110011011111110
00000000000000100110011111111100
00000000000000000100110011111111
00000000000000110000000111111011
00000000000000100001101011111100
00000000000000000000000000000000
00000000000000011000000011111101
00000000000000000100110011111111
00000000000000110000000111111011
00000000000000010011001111111110
00000000000000101011010011111011
00000000000000011000000011111101
00000000000000000100110011111111
00000000000000001001100111111111
00000000000000001110011011111110
00000000000000000100110011111111
00000000000000010011001111111110
00000000000000000100110011111111
00000000000000001001100111111111
00000000000000100110011111111100
00000000000000100001101011111100
00000000000000011100110111111101
00000000000000110000000111111011
00000000000000101011010011111011
00000000000000000100110011111111
00000000000000011100110111111101
00000000000000100110011111111100
00000000000000011100110111111101
00000000000000110000000111111011
00000000000000001110011011111110
00000000000000011100110111111101
00000000000000110000000111111011
00000000000000011100110111111101
00000000000000011000000011111101
00000000000000100110011111111100
00000000000000000100110011111111
00000000000000001110011011111110
00000000000000110000000111111011
00000000000000100001101011111100
00000000000000011000000011111101
00000000000000100001101011111100
00000000000000110000000111111011
00000000000000000000000000000000
00000000000000001001100111111111
00000000000000101011010011111011
00000000000000100110011111111100
00000000000000100110011111111100
00000000000000001110011011111110
00000000000000000000000000000000
00000000000000000000000000000000
00000000000000000100110011111111
00000000000000100110011111111100
00000000000000001110011011111110
00000000000000001001100111111111
00000000000000001110011011111110
00000000000000011100110111111101
00000000000000010011001111111110
00000000000000010011001111111110
00000000000000001001100111111111
00000000000000011000000011111101
00000000000000101011010011111011
00000000000000100110011111111100
00000000000000001110011011111110
00000000000000110000000111111011
00000000000000100001101011111100
00000000000000110000000111111011
00000000000000000100110011111111
00000000000000100001101011111100
00000000000000010011001111111110
00000000000000100001101011111100
00000000000000100110011111111100
00000000000000100110011111111100
00000000000000110000000111111011
00000000000000011100110111111101
00000000000000100001101011111100
00000000000000010011001111111110
00000000000000101011010011111011
00000000000000010011001111111110
00000000000000100001101011111100
00000000000000011000000011111101
00000000000000011100110111111101
00000000000000101011010011111011
00000000000000100001101011111100
00000000000000110000000111111011
00000000000000000000000000000000
00000000000000011000000011111101
00000000000000100110011111111100
00000000000000010011001111111110
00000000000000000100110011111111
00000000000000100001101011111100
00000000000000100001101011111100
00000000000000010011001111111110
00000000000000100001101011111100
00000000000000110000000111111011
00000000000000110000000111111011
00000000000000001110011011111110
00000000000000100110011111111100
00000000000000010011001111111110
00000000000000001001100111111111
00000000000000010011001111111110
00000000000000010011001111111110
00000000000000011100110111111101
00000000000000000000000000000000
00000000000000011100110111111101
00000000000000110000000111111011
00000000000000110000000111111011
00000000000000110000000111111011
00000000000000011100110111111101
00000000000000011000000011111101
00000000000000010011001111111110
00000000000000010011001111111110
00000000000000110000000111111011
00000000000000011100110111111101
00000000000000000000000000000000
00000000000000100110011111111100
00000000000000011100110111111101
00000000000000001110011011111110
00000000000000000000000000000000
00000000000000011000000011111101
00000000000000010011001111111110
00000000000000100110011111111100
00000000000000100110011111111100
00000000000000100110011111111100
00000000000000001001100111111111
00000000000000100001101011111100
00000000000000110000000111111011
00000000000000100001101011111100
00000000000000001001100111111111
00000000000000101011010011111011
00000000000000110000000111111011
00000000000000011100110111111101
00000000000000001001100111111111
00000000000000100110011111111100
00000000000000011000000011111101
00000000000000001110011011111110
00000000000000100110011111111100
00000000000000000000000000000000
00000000000000001001100111111111
00000000000000101011010011111011
00000000000000110000000111111011
00000000000000011100110111111101
00000000000000011000000011111101
00000000000000000000000000000000
00000000000000101011010011111011
00000000000000110000000111111011
00000000000000011000000011111101
00000000000000010011001111111110
00000000000000001110011011111110
00000000000000000000000000000000
00000000000000001001100111111111
00000000000000000100110011111111
00000000000000000000000000000000
00000000000000011000000011111101
00000000000000000100110011111111
00000000000000000000000000000000
00000000000000011100110111111101
00000000000000010011001111111110
00000000000000011000000011111101
00000000000000010011001111111110
00000000000000000100110011111111
00000000000000011000000011111101
00000000000000000100110011111111
00000000000000000000000000000000
00000000000000101011010011111011
00000000000000100001101011111100
00000000000000100110011111111100
00000000000000100110011111111100
00000000000000100110011111111100
00000000000000000100110011111111
00000000000000011000000011111101
00000000000000000100110011111111
00000000000000010011001111111110
00000000000000010011001111111110
00000000000000000100110011111111
00000000000000011000000011111101
00000000000000101011010011111011
00000000000000100001101011111100
00000000000000011000000011111101
00000000000000000100110011111111
00000000000000011100110111111101
00000000000000001001100111111111
00000000000000100110011111111100
00000000000000011000000011111101
00000000000000010011001111111110
00000000000000011100110111111101
00000000000000011000000011111101
00000000000000000000000000000000
00000000000000011000000011111101
00000000000000000000000000000000
00000000000000011000000011111101
00000000000000100110011111111100
00000000000000001001100111111111
00000000000000001001100111111111
00000000000000100110011111111100
00000000000000011100110111111101
00000000000000100110011111111100
00000000000000110000000111111011
00000000000000100110011111111100
00000000000000101011010011111011
00000000000000001110011011111110
00000000000000011100110111111101
00000000000000001001100111111111
00000000000000001110011011111110
00000000000000001110011011111110
00000000000000011000000011111101
00000000000000000100110011111111
00000000000000000000000000000000
00000000000000011100110111111101
00000000000000110000000111111011
00000000000000000000000000000000
00000000000000101011010011111011
00000000000000001110011011111110
00000000000000011000000011111101
00000000000000000000000000000000
00000000000000010011001111111110
00000000000000011100110111111101
00000000000000100110011111111100
00000000000000110000000111111011
00000000000000101011010011111011
00000000000000010011001111111110
00000000000000000000000000000000
00000000000000100110011111111100
00000000000000000100110011111111
00000000000000010011001111111110
00000000000000011000000011111101
00000000000000011100110111111101
00000000000000100001101011111100
00000000000000100110011111111100
00000000000000011100110111111101
00000000000000100001101011111100
00000000000000000000000000000000
00000000000000100001101011111100
00000000000000101011010011111011
00000000000000110000000111111011
00000000000000100110011111111100
00000000000000100001101011111100
00000000000000100001101011111100
00000000000000010011001111111110
00000000000000011000000011111101
00000000000000000000000000000000
00000000000000000000000000000000
00000000000000010011001111111110
00000000000000100110011111111100
00000000000000110000000111111011
00000000000000100001101011111100
00000000000000100110011111111100
00000000000000101011010011111011
00000000000000100110011111111100
00000000000000000000000000000000
00000000000000001001100111111111
00000000000000011000000011111101
00000000000000001110011011111110
00000000000000001110011011111110
00000000000000110000000111111011
00000000000000110000000111111011
00000000000000011100110111111101
00000000000000010011001111111110
00000000000000001001100111111111
00000000000000011100110111111101
00000000000000000100110011111111
00000000000000001001100111111111
00000000000000000000000000000000
00000000000000100110011111111100
00000000000000100110011111111100
00000000000000101011010011111011
00000000000000001001100111111111
00000000000000000000000000000000
00000000000000101011010011111011
00000000000000000100110011111111
00000000000000011100110111111101
00000000000000000000000000000000
00000000000000000100110011111111
00000000000000000000000000000000
00000000000000000000000000000000
00000000000000100110011111111100
00000000000000101011010011111011
00000000000000010011001111111110
00000000000000011000000011111101
00000000000000001001100111111111
00000000000000101011010011111011
00000000000000011100110111111101
00000000000000101011010011111011
00000000000000101011010011111011
00000000000000100110011111111100
00000000000000000000000000000000
00000000000000100001101011111100
00000000000000001001100111111111
00000000000000110000000111111011
00000000000000000000000000000000
00000000000000100001101011111100
00000000000000011000000011111101
00000000000000011100110111111101
00000000000000100110011111111100
00000000000000110000000111111011
00000000000000011000000011111101
00000000000000101011010011111011
00000000000000100110011111111100
00000000000000001110011011111110
00000000000000100001101011111100
00000000000000100110011111111100
00000000000000001001100111111111
00000000000000100110011111111100
