00000000000000011001100110011001
00000000000000001100110011001100
00000000010100000000000000000000
00000000000100000000000000000000
00000000000000011001100110011001
00000000000100000000000000000000
00000000000100000000000000000000
00000000000000000000000000000000
00000000000000000000000000000000
00000000000000000000000000000000
00000000000000000000000000000000
00000000000000000000000000000000
00000000000000000000000000000000
00000000000000000000000000000000
00000000000000000000000000000000
00000000000000000000000000000000
00000000000000011001100110011001
00000000000000100010011100011001
00000000000000010100101010101000
00000000000000110111000111000010
00000000000000000110111000111000
00000000000000100010011100011001
00000000000000110111000111000010
00000000000000110000001110001001
00000000000000000000000000000000
00000000000000100010011100011001
00000000000000001101110001110000
00000000000000111101111111111010
00000000000000101001010101010001
00000000000000001101110001110000
00000000000000110000001110001001
00000000000000110111000111000010
00000000000000111101111111111010
00000000000000010100101010101000
00000000000000001101110001110000
00000000000000100010011100011001
00000000000000110111000111000010
00000000000000110111000111000010
00000000000000001101110001110000
00000000000000111101111111111010
00000000000000000000000000000000
00000000000000110111000111000010
00000000000000111101111111111010
00000000000000100010011100011001
00000000000000100010011100011001
00000000000000101001010101010001
00000000000000000000000000000000
00000000000000111101111111111010
00000000000000110000001110001001
00000000000000000110111000111000
00000000000000101001010101010001
00000000000000110111000111000010
00000000000000100010011100011001
00000000000001000100111000110010
00000000000000000000000000000000
00000000000001000100111000110010
00000000000000010100101010101000
00000000000000100010011100011001
00000000000000001101110001110000
00000000000000110111000111000010
00000000000000101001010101010001
00000000000001000100111000110010
00000000000000011011100011100001
00000000000000000110111000111000
00000000000000110000001110001001
00000000000000110111000111000010
00000000000000110000001110001001
00000000000000001101110001110000
00000000000000000000000000000000
00000000000000000000000000000000
00000000000000011011100011100001
00000000000000001101110001110000
00000000000000111101111111111010
00000000000000110000001110001001
00000000000000110111000111000010
00000000000000111101111111111010
00000000000000111101111111111010
00000000000001000100111000110010
00000000000000000110111000111000
00000000000000001101110001110000
00000000000000101001010101010001
00000000000000000000000000000000
00000000000000111101111111111010
00000000000000000000000000000000
00000000000000110000001110001001
00000000000000010100101010101000
00000000000000110000001110001001
00000000000000111101111111111010
00000000000000101001010101010001
