00000000000000011001100110011001
00000000000000001100110011001100
00000000010100000000000000000000
00000000000100000000000000000000
00000000000000011001100110011001
00000000000100000000000000000000
00000000000100000000000000000000
00000000000000000000000000000000
00000000000000000000000000000000
00000000000000000000000000000000
00000000000000000000000000000000
00000000000000000000000000000000
00000000000000000000000000000000
00000000000000000000000000000000
00000000000000011001100110011001
00000000000001000111101000101100
00000000000000010001111010001011
00000000000001011001100010110111
00000000000000111110101011100110
00000000000001000111101000101100
00000000000000000000000000000000
00000000000001000111101000101100
00000000000000101100110001011011
00000000000000010001111010001011
00000000000000010001111010001011
00000000000000001000111101000101
00000000000001011001100010110111
00000000000000010001111010001011
00000000000000101100110001011011
00000000000000010001111010001011
00000000000000100011110100010110
00000000000000111110101011100110
00000000000000001000111101000101
00000000000001011001100010110111
00000000000000010001111010001011
00000000000000010001111010001011
00000000000000010001111010001011
00000000000000000000000000000000
00000000000000111110101011100110
00000000000000111110101011100110
00000000000000010001111010001011
00000000000000100011110100010110
00000000000000010001111010001011
00000000000000101100110001011011
00000000000000111110101011100110
00000000000001000111101000101100
00000000000000001000111101000101
00000000000000111110101011100110
00000000000000000000000000000000
00000000000000101100110001011011
00000000000000001000111101000101
00000000000000000000000000000000
00000000000001011001100010110111
00000000000000001000111101000101
00000000000000111110101011100110
00000000000000111110101011100110
00000000000000001000111101000101
