00000000000000011001100110011001
00000000000000001100110011001100
00000000010100000000000000000000
00000000000100000000000000000000
00000000000000011001100110011001
00000000000100000000000000000000
00000000000100000000000000000000
00000000000000000000000000000000
00000000000000000000000000000000
00000000000000000000000000000000
00000000000000000000000000000000
00000000000000000000000000000000
00000000000000000000000000000000
00000000000000000000000000000000
00000000000000000000000000000000
00000000000000000000000000000000
00000000000000000000000000000000
00000000000000000000000000000000
00000000000000000000000000000000
00000000000000000000000000000000
00000000000000000000000000000000
00000000000000000000000000000000
00000000000000000000000000000000
00000000000000000000000000000000
00000000000000000000000000000000
00000000000000000000000000000000
00000000000000000000000000000000
00000000000000000000000000000000
00000000000000011001100110011001
00000000000000100100111010110100
00000000000000000100100111010110
00000000000000001101110110000011
00000000000000001101110110000011
00000000000000000100100111010110
00000000000000010010011101011010
00000000000000101110001001100001
00000000000000001101110110000011
00000000000000010111000100110000
00000000000000001101110110000011
00000000000000100000010011011101
00000000000000010010011101011010
00000000000000100100111010110100
00000000000000000100100111010110
00000000000000101110001001100001
00000000000000000000000000000000
00000000000000000000000000000000
00000000000000000000000000000000
00000000000000000000000000000000
00000000000000000000000000000000
00000000000000100100111010110100
00000000000000101110001001100001
00000000000000100100111010110100
00000000000000011011101100000111
00000000000000001001001110101101
00000000000000101110001001100001
00000000000000001001001110101101
00000000000000001001001110101101
00000000000000010111000100110000
00000000000000001101110110000011
00000000000000011011101100000111
00000000000000010111000100110000
00000000000000101001100010001010
00000000000000010111000100110000
00000000000000000000000000000000
00000000000000010111000100110000
00000000000000101110001001100001
00000000000000010111000100110000
00000000000000010111000100110000
00000000000000010010011101011010
00000000000000000100100111010110
00000000000000101110001001100001
00000000000000101001100010001010
00000000000000100000010011011101
00000000000000101110001001100001
00000000000000010111000100110000
00000000000000100100111010110100
00000000000000101110001001100001
00000000000000011011101100000111
00000000000000101001100010001010
00000000000000001001001110101101
00000000000000100100111010110100
00000000000000010010011101011010
00000000000000001101110110000011
00000000000000011011101100000111
00000000000000010111000100110000
00000000000000010111000100110000
00000000000000101001100010001010
00000000000000010010011101011010
00000000000000011011101100000111
00000000000000001101110110000011
00000000000000100100111010110100
00000000000000101001100010001010
00000000000000001001001110101101
00000000000000100100111010110100
00000000000000100100111010110100
00000000000000101110001001100001
00000000000000001001001110101101
00000000000000100100111010110100
00000000000000000000000000000000
00000000000000100100111010110100
00000000000000010111000100110000
00000000000000100100111010110100
00000000000000101001100010001010
00000000000000001101110110000011
00000000000000100000010011011101
00000000000000010111000100110000
00000000000000010111000100110000
00000000000000010111000100110000
00000000000000010010011101011010
00000000000000001101110110000011
00000000000000011011101100000111
00000000000000100000010011011101
00000000000000001001001110101101
00000000000000101110001001100001
00000000000000001001001110101101
00000000000000100100111010110100
00000000000000100100111010110100
00000000000000101110001001100001
00000000000000000000000000000000
00000000000000101110001001100001
00000000000000101001100010001010
00000000000000010111000100110000
00000000000000100100111010110100
00000000000000000100100111010110
00000000000000001101110110000011
00000000000000010010011101011010
00000000000000100000010011011101
00000000000000000100100111010110
00000000000000001101110110000011
00000000000000000100100111010110
00000000000000001001001110101101
00000000000000101110001001100001
00000000000000100100111010110100
00000000000000101110001001100001
00000000000000011011101100000111
00000000000000000000000000000000
00000000000000101001100010001010
00000000000000101001100010001010
00000000000000001101110110000011
00000000000000101001100010001010
00000000000000010010011101011010
00000000000000010111000100110000
00000000000000101110001001100001
00000000000000001001001110101101
00000000000000001101110110000011
00000000000000000000000000000000
00000000000000100100111010110100
00000000000000000000000000000000
00000000000000010010011101011010
00000000000000010010011101011010
00000000000000101110001001100001
00000000000000010111000100110000
00000000000000100100111010110100
00000000000000001001001110101101
00000000000000011011101100000111
00000000000000011011101100000111
00000000000000100100111010110100
00000000000000100000010011011101
00000000000000101001100010001010
00000000000000010111000100110000
00000000000000001001001110101101
00000000000000000100100111010110
00000000000000001101110110000011
00000000000000001001001110101101
00000000000000000100100111010110
00000000000000101001100010001010
00000000000000001001001110101101
00000000000000000100100111010110
00000000000000100100111010110100
00000000000000101110001001100001
00000000000000001001001110101101
00000000000000100100111010110100
00000000000000101110001001100001
00000000000000100100111010110100
00000000000000000000000000000000
00000000000000011011101100000111
00000000000000001101110110000011
00000000000000000000000000000000
00000000000000010010011101011010
00000000000000000100100111010110
00000000000000101001100010001010
00000000000000001001001110101101
00000000000000100100111010110100
00000000000000101110001001100001
00000000000000101110001001100001
00000000000000000000000000000000
00000000000000011011101100000111
00000000000000101001100010001010
00000000000000010010011101011010
00000000000000001101110110000011
00000000000000001001001110101101
00000000000000101110001001100001
00000000000000001001001110101101
00000000000000100100111010110100
00000000000000101001100010001010
00000000000000100100111010110100
00000000000000001101110110000011
00000000000000011011101100000111
00000000000000001101110110000011
00000000000000101110001001100001
00000000000000000100100111010110
00000000000000000100100111010110
00000000000000010111000100110000
00000000000000000000000000000000
00000000000000000100100111010110
00000000000000101110001001100001
00000000000000101001100010001010
00000000000000000000000000000000
00000000000000000000000000000000
00000000000000010111000100110000
00000000000000010111000100110000
00000000000000011011101100000111
00000000000000100100111010110100
00000000000000101110001001100001
00000000000000101001100010001010
00000000000000100000010011011101
00000000000000000000000000000000
00000000000000011011101100000111
00000000000000100000010011011101
00000000000000010111000100110000
00000000000000011011101100000111
00000000000000001001001110101101
00000000000000000100100111010110
00000000000000100000010011011101
00000000000000000000000000000000
00000000000000100000010011011101
00000000000000100000010011011101
00000000000000011011101100000111
00000000000000101001100010001010
00000000000000001101110110000011
00000000000000001101110110000011
00000000000000101001100010001010
00000000000000000000000000000000
00000000000000000000000000000000
00000000000000001101110110000011
00000000000000101001100010001010
00000000000000010010011101011010
00000000000000001101110110000011
00000000000000100000010011011101
00000000000000100000010011011101
00000000000000010010011101011010
00000000000000100000010011011101
00000000000000100000010011011101
00000000000000100100111010110100
00000000000000100100111010110100
00000000000000100100111010110100
00000000000000001101110110000011
00000000000000000000000000000000
00000000000000000100100111010110
00000000000000100000010011011101
00000000000000011011101100000111
00000000000000001001001110101101
00000000000000100100111010110100
00000000000000101110001001100001
00000000000000101001100010001010
00000000000000010111000100110000
00000000000000000100100111010110
00000000000000101110001001100001
00000000000000010111000100110000
00000000000000100000010011011101
00000000000000101110001001100001
00000000000000001001001110101101
00000000000000101001100010001010
00000000000000101001100010001010
00000000000000001001001110101101
00000000000000001001001110101101
00000000000000100100111010110100
00000000000000100000010011011101
00000000000000000000000000000000
00000000000000010010011101011010
00000000000000010111000100110000
00000000000000100100111010110100
00000000000000010111000100110000
00000000000000101001100010001010
00000000000000010010011101011010
00000000000000001001001110101101
00000000000000101001100010001010
00000000000000000100100111010110
00000000000000011011101100000111
00000000000000010010011101011010
00000000000000101110001001100001
00000000000000000100100111010110
00000000000000010111000100110000
00000000000000000000000000000000
00000000000000010010011101011010
00000000000000100100111010110100
00000000000000011011101100000111
00000000000000101001100010001010
00000000000000001001001110101101
00000000000000100100111010110100
00000000000000101001100010001010
00000000000000010010011101011010
00000000000000100100111010110100
00000000000000010111000100110000
00000000000000010111000100110000
00000000000000000100100111010110
00000000000000001001001110101101
00000000000000000100100111010110
00000000000000001001001110101101
00000000000000100000010011011101
00000000000000001001001110101101
00000000000000000100100111010110
00000000000000010111000100110000
00000000000000000100100111010110
00000000000000001101110110000011
00000000000000010010011101011010
00000000000000100100111010110100
00000000000000000000000000000000
00000000000000001001001110101101
00000000000000000100100111010110
00000000000000010111000100110000
00000000000000001101110110000011
00000000000000101001100010001010
00000000000000100100111010110100
00000000000000101110001001100001
00000000000000001101110110000011
00000000000000100100111010110100
00000000000000010111000100110000
00000000000000000100100111010110
00000000000000100000010011011101
00000000000000101001100010001010
00000000000000010111000100110000
00000000000000010111000100110000
00000000000000011011101100000111
00000000000000010111000100110000
00000000000000001101110110000011
00000000000000101001100010001010
00000000000000101001100010001010
00000000000000101001100010001010
00000000000000101110001001100001
00000000000000000000000000000000
00000000000000011011101100000111
00000000000000001101110110000011
00000000000000000100100111010110
00000000000000001001001110101101
00000000000000001001001110101101
00000000000000101110001001100001
00000000000000000000000000000000
00000000000000100000010011011101
00000000000000100100111010110100
00000000000000101001100010001010
00000000000000000000000000000000
00000000000000000100100111010110
00000000000000011011101100000111
00000000000000010111000100110000
00000000000000100100111010110100
00000000000000000100100111010110
00000000000000001101110110000011
00000000000000101001100010001010
00000000000000000000000000000000
00000000000000010111000100110000
00000000000000010111000100110000
00000000000000100000010011011101
00000000000000001101110110000011
00000000000000001101110110000011
00000000000000000100100111010110
00000000000000101110001001100001
00000000000000000100100111010110
00000000000000000000000000000000
00000000000000100100111010110100
00000000000000001001001110101101
00000000000000010010011101011010
00000000000000001101110110000011
00000000000000010111000100110000
00000000000000010111000100110000
00000000000000101001100010001010
00000000000000011011101100000111
00000000000000101110001001100001
00000000000000010010011101011010
00000000000000000000000000000000
00000000000000101110001001100001
00000000000000010111000100110000
00000000000000010111000100110000
00000000000000010010011101011010
00000000000000000000000000000000
00000000000000101001100010001010
00000000000000000000000000000000
00000000000000101110001001100001
00000000000000100000010011011101
00000000000000100100111010110100
00000000000000001001001110101101
00000000000000100100111010110100
00000000000000010010011101011010
00000000000000001101110110000011
00000000000000100100111010110100
00000000000000101001100010001010
00000000000000101001100010001010
00000000000000001101110110000011
00000000000000101001100010001010
00000000000000000000000000000000
00000000000000010111000100110000
00000000000000101001100010001010
00000000000000010111000100110000
00000000000000100000010011011101
00000000000000100100111010110100
00000000000000001001001110101101
00000000000000011011101100000111
00000000000000101001100010001010
00000000000000100000010011011101
00000000000000001101110110000011
00000000000000100100111010110100
00000000000000011011101100000111
00000000000000100100111010110100
00000000000000101001100010001010
00000000000000000100100111010110
00000000000000011011101100000111
00000000000000101001100010001010
00000000000000000000000000000000
00000000000000101110001001100001
00000000000000000000000000000000
00000000000000010111000100110000
00000000000000010010011101011010
00000000000000010111000100110000
00000000000000000100100111010110
00000000000000000000000000000000
00000000000000000100100111010110
00000000000000101001100010001010
00000000000000000000000000000000
00000000000000011011101100000111
00000000000000000000000000000000
00000000000000100000010011011101
00000000000000101001100010001010
00000000000000000000000000000000
00000000000000101001100010001010
00000000000000001101110110000011
00000000000000101110001001100001
00000000000000001101110110000011
00000000000000000000000000000000
00000000000000010010011101011010
00000000000000000000000000000000
00000000000000010010011101011010
00000000000000011011101100000111
00000000000000010010011101011010
00000000000000001101110110000011
00000000000000010010011101011010
00000000000000100100111010110100
00000000000000010010011101011010
00000000000000000000000000000000
00000000000000101001100010001010
00000000000000000100100111010110
00000000000000000000000000000000
00000000000000001001001110101101
00000000000000001001001110101101
00000000000000101001100010001010
00000000000000101001100010001010
00000000000000010010011101011010
00000000000000101001100010001010
00000000000000101110001001100001
00000000000000010010011101011010
