00000000000000011001100110011001
00000000000000001100110011001100
00000000010100000000000000000000
00000000000100000000000000000000
00000000000000011001100110011001
00000000000100000000000000000000
00000000000100000000000000000000
00000000000000000000000000000000
00000000000000000000000000000000
00000000000000000000000000000000
00000000000000000000000000000000
00000000000000000000000000000000
00000000000000000000000000000000
00000000000000000000000000000000
00000000000000000000000000000000
00000000000000000000000000000000
00000000000000000000000000000000
00000000000000000000000000000000
00000000000000000000000000000000
00000000000000000000000000000000
00000000000000000000000000000000
00000000000000011001100110011001
00000000000000101110110100000110
00000000000000011101010000100011
00000000000000010001100011100010
00000000000000101110110100000110
00000000000000100011000111000100
00000000000000111010100001000111
00000000000000010001100011100010
00000000000000010001100011100010
00000000000000010001100011100010
00000000000000000101110110100000
00000000000000010001100011100010
00000000000000101000111101100101
00000000000000000000000000000000
00000000000000101110110100000110
00000000000000011101010000100011
00000000000000111010100001000111
00000000000000000101110110100000
00000000000000111010100001000111
00000000000000101110110100000110
00000000000000010111011010000011
00000000000000011101010000100011
00000000000000000101110110100000
00000000000000010111011010000011
00000000000000100011000111000100
00000000000000000000000000000000
00000000000000111010100001000111
00000000000000011101010000100011
00000000000000011101010000100011
00000000000000100011000111000100
00000000000000001011101101000001
00000000000000010001100011100010
00000000000000000000000000000000
00000000000000011101010000100011
00000000000000010001100011100010
00000000000000101110110100000110
00000000000000000000000000000000
00000000000000000000000000000000
00000000000000000101110110100000
00000000000000101110110100000110
00000000000000010001100011100010
00000000000000111010100001000111
00000000000000100011000111000100
00000000000000000000000000000000
00000000000000100011000111000100
00000000000000001011101101000001
00000000000000011101010000100011
00000000000000110100101010100110
00000000000000110100101010100110
00000000000000010001100011100010
00000000000000001011101101000001
00000000000000101000111101100101
00000000000000100011000111000100
00000000000000101110110100000110
00000000000000000101110110100000
00000000000000001011101101000001
00000000000000000000000000000000
00000000000000010111011010000011
00000000000000100011000111000100
00000000000000000000000000000000
00000000000000101110110100000110
00000000000000101000111101100101
00000000000000000101110110100000
00000000000000100011000111000100
00000000000000111010100001000111
00000000000000101110110100000110
00000000000000100011000111000100
00000000000000111010100001000111
00000000000000010001100011100010
00000000000000100011000111000100
00000000000000010111011010000011
00000000000000111010100001000111
00000000000000001011101101000001
00000000000000000000000000000000
00000000000000000101110110100000
00000000000000000000000000000000
00000000000000101110110100000110
00000000000000000101110110100000
00000000000000110100101010100110
00000000000000111010100001000111
00000000000000101110110100000110
00000000000000000000000000000000
00000000000000001011101101000001
00000000000000100011000111000100
00000000000000111010100001000111
00000000000000000000000000000000
00000000000000001011101101000001
00000000000000111010100001000111
00000000000000111010100001000111
00000000000000101000111101100101
00000000000000000101110110100000
00000000000000101110110100000110
00000000000000010001100011100010
00000000000000010111011010000011
00000000000000011101010000100011
00000000000000011101010000100011
00000000000000000000000000000000
00000000000000001011101101000001
00000000000000000000000000000000
00000000000000000101110110100000
00000000000000100011000111000100
00000000000000100011000111000100
00000000000000001011101101000001
00000000000000100011000111000100
00000000000000100011000111000100
00000000000000010001100011100010
00000000000000011101010000100011
00000000000000010001100011100010
00000000000000110100101010100110
00000000000000101110110100000110
00000000000000000000000000000000
00000000000000001011101101000001
00000000000000000101110110100000
00000000000000010001100011100010
00000000000000100011000111000100
00000000000000111010100001000111
00000000000000011101010000100011
00000000000000110100101010100110
00000000000000010001100011100010
00000000000000000101110110100000
00000000000000101110110100000110
00000000000000110100101010100110
00000000000000101000111101100101
00000000000000000101110110100000
00000000000000111010100001000111
00000000000000100011000111000100
00000000000000010001100011100010
00000000000000011101010000100011
00000000000000010111011010000011
00000000000000001011101101000001
00000000000000110100101010100110
00000000000000000101110110100000
00000000000000010111011010000011
00000000000000000000000000000000
00000000000000010001100011100010
00000000000000000101110110100000
00000000000000000000000000000000
00000000000000111010100001000111
00000000000000100011000111000100
00000000000000100011000111000100
00000000000000011101010000100011
00000000000000000101110110100000
00000000000000101110110100000110
00000000000000110100101010100110
00000000000000010001100011100010
00000000000000100011000111000100
00000000000000000000000000000000
00000000000000001011101101000001
00000000000000100011000111000100
00000000000000101110110100000110
00000000000000101000111101100101
00000000000000001011101101000001
00000000000000111010100001000111
00000000000000010111011010000011
00000000000000000101110110100000
00000000000000011101010000100011
00000000000000010001100011100010
00000000000000101000111101100101
00000000000000000000000000000000
00000000000000000101110110100000
00000000000000101000111101100101
00000000000000111010100001000111
00000000000000000101110110100000
00000000000000000101110110100000
00000000000000100011000111000100
00000000000000011101010000100011
00000000000000001011101101000001
00000000000000101110110100000110
00000000000000011101010000100011
00000000000000101110110100000110
00000000000000000000000000000000
00000000000000111010100001000111
00000000000000101110110100000110
00000000000000100011000111000100
00000000000000101110110100000110
00000000000000110100101010100110
00000000000000101110110100000110
00000000000000100011000111000100
00000000000000110100101010100110
00000000000000110100101010100110
00000000000000110100101010100110
00000000000000010001100011100010
00000000000000101110110100000110
