00000000000000011001100110011001
00000000000000001100110011001100
00000000010100000000000000000000
00000000000100000000000000000000
00000000000000011001100110011001
00000000000100000000000000000000
00000000000100000000000000000000
00000000000000000000000000000000
00000000000000000000000000000000
00000000000000000000000000000000
00000000000000000000000000000000
00000000000000000000000000000000
00000000000000000000000000000000
00000000000000000000000000000000
00000000000000000000000000000000
00000000000000000000000000000000
00000000000000000000000000000000
00000000000000000000000000000000
00000000000000011001100110011001
00000000000000000110011111001111
00000000000000100000011100001101
00000000000000110011111001111100
00000000000000101101011010101100
00000000000001000000111000011011
00000000000000100110111011011101
00000000000000010011011101101110
00000000000000110011111001111100
00000000000000100000011100001101
00000000000001000000111000011011
00000000000000000110011111001111
00000000000000111010011001001011
00000000000000100000011100001101
00000000000001000000111000011011
00000000000000000110011111001111
00000000000000110011111001111100
00000000000000101101011010101100
00000000000000000000000000000000
00000000000000000000000000000000
00000000000000000000000000000000
00000000000000100000011100001101
00000000000000111010011001001011
00000000000000101101011010101100
00000000000000100110111011011101
00000000000000101101011010101100
00000000000001000000111000011011
00000000000000100110111011011101
00000000000000100110111011011101
00000000000000000000000000000000
00000000000000111010011001001011
00000000000000110011111001111100
00000000000000100000011100001101
00000000000000101101011010101100
00000000000000000000000000000000
00000000000000011001111100111110
00000000000000011001111100111110
00000000000000100000011100001101
00000000000000011001111100111110
00000000000000111010011001001011
00000000000000100110111011011101
00000000000000101101011010101100
00000000000001000000111000011011
00000000000000100110111011011101
00000000000000000000000000000000
00000000000000010011011101101110
00000000000000111010011001001011
00000000000000010011011101101110
00000000000000100000011100001101
00000000000000000000000000000000
00000000000000111010011001001011
00000000000001000000111000011011
00000000000000000110011111001111
00000000000000101101011010101100
00000000000000011001111100111110
00000000000000010011011101101110
00000000000000000000000000000000
00000000000000001100111110011111
00000000000000000110011111001111
00000000000000001100111110011111
00000000000000101101011010101100
00000000000000100110111011011101
00000000000000110011111001111100
00000000000001000000111000011011
00000000000000011001111100111110
00000000000000111010011001001011
00000000000000000000000000000000
00000000000000010011011101101110
00000000000000100000011100001101
00000000000000101101011010101100
00000000000000011001111100111110
00000000000000010011011101101110
00000000000000101101011010101100
00000000000000100110111011011101
00000000000000100000011100001101
00000000000000010011011101101110
00000000000000001100111110011111
00000000000000010011011101101110
00000000000000000000000000000000
00000000000000001100111110011111
00000000000000100110111011011101
00000000000000110011111001111100
00000000000000000000000000000000
00000000000000100110111011011101
00000000000000011001111100111110
00000000000000100000011100001101
00000000000000000110011111001111
00000000000000100000011100001101
00000000000000000000000000000000
00000000000000101101011010101100
00000000000000100000011100001101
00000000000000100000011100001101
00000000000000000000000000000000
00000000000000000000000000000000
00000000000000111010011001001011
00000000000000000000000000000000
00000000000000001100111110011111
00000000000000101101011010101100
00000000000000001100111110011111
00000000000000101101011010101100
00000000000001000000111000011011
00000000000001000000111000011011
00000000000000000000000000000000
00000000000000111010011001001011
00000000000000100110111011011101
00000000000000111010011001001011
00000000000000101101011010101100
00000000000000011001111100111110
00000000000000100110111011011101
00000000000000100000011100001101
00000000000001000000111000011011
