00000000000000011001100110011001
00000000000000001100110011001100
00000000010100000000000000000000
00000000000100000000000000000000
00000000000000011001100110011001
00000000000100000000000000000000
00000000000100000000000000000000
00000000000000000000000000000000
00000000000000000000000000000000
00000000000000000000000000000000
00000000000000000000000000000000
00000000000000000000000000000000
00000000000000000000000000000000
00000000000000000000000000000000
00000000000000000000000000000000
00000000000000000000000000000000
00000000000000000000000000000000
00000000000000011001100110011001
00000000000000110100111110110010
00000000000000010011110111100010
00000000000000011010011111011001
00000000000000000110100111110110
00000000000000110100111110110010
00000000000000001101001111101100
00000000000000110100111110110010
00000000000000100111101111000101
00000000000000100111101111000101
00000000000000110100111110110010
00000000000000010011110111100010
00000000000000011010011111011001
00000000000000010011110111100010
00000000000000101110010110111011
00000000000000101110010110111011
00000000000001000010001110011110
00000000000000100001000111001111
00000000000001000010001110011110
00000000000000010011110111100010
00000000000000010011110111100010
00000000000000110100111110110010
00000000000000000110100111110110
00000000000000000000000000000000
00000000000000001101001111101100
00000000000000000000000000000000
00000000000000100111101111000101
00000000000000101110010110111011
00000000000000011010011111011001
00000000000000011010011111011001
00000000000000110100111110110010
00000000000000110100111110110010
00000000000000001101001111101100
00000000000000000110100111110110
00000000000001000010001110011110
00000000000000100111101111000101
00000000000000100111101111000101
00000000000000000110100111110110
00000000000000010011110111100010
00000000000000000110100111110110
00000000000000110100111110110010
00000000000000100001000111001111
00000000000001000010001110011110
00000000000000100001000111001111
00000000000000110100111110110010
00000000000000000000000000000000
00000000000000110100111110110010
00000000000000101110010110111011
00000000000000000000000000000000
00000000000000001101001111101100
00000000000000100001000111001111
00000000000000011010011111011001
00000000000000000000000000000000
00000000000000111011100110101000
00000000000000100001000111001111
00000000000000001101001111101100
00000000000000101110010110111011
00000000000000001101001111101100
00000000000000000110100111110110
00000000000001000010001110011110
00000000000000011010011111011001
00000000000000100111101111000101
00000000000000010011110111100010
00000000000000010011110111100010
00000000000000110100111110110010
00000000000001000010001110011110
00000000000000000000000000000000
00000000000001000010001110011110
00000000000000100001000111001111
00000000000000000000000000000000
00000000000000100111101111000101
00000000000001000010001110011110
00000000000000110100111110110010
00000000000000100111101111000101
00000000000000100001000111001111
00000000000000100111101111000101
00000000000000100111101111000101
00000000000000110100111110110010
00000000000000111011100110101000
00000000000000010011110111100010
00000000000001000010001110011110
00000000000000111011100110101000
00000000000000100111101111000101
00000000000001000010001110011110
00000000000000101110010110111011
00000000000000100111101111000101
00000000000000000000000000000000
00000000000000100001000111001111
00000000000000010011110111100010
00000000000000110100111110110010
00000000000000111011100110101000
