00000000000000011001100110011001
00000000000000001100110011001100
00000000010100000000000000000000
00000000000100000000000000000000
00000000000000011001100110011001
00000000000100000000000000000000
00000000000100000000000000000000
00000000000000000000000000000000
00000000000000000000000000000000
00000000000000000000000000000000
00000000000000000000000000000000
00000000000000000000000000000000
00000000000000000000000000000000
00000000000000000000000000000000
00000000000000000000000000000000
00000000000000011001100110011001
00000000000001001000011001100011
00000000000000101011011100001000
00000000000000010101101110000100
00000000000000111001111010110110
00000000000001000001001010001100
00000000000000101011011100001000
00000000000000100100001100110001
00000000000001001000011001100011
00000000000001001000011001100011
00000000000001001000011001100011
00000000000000100100001100110001
00000000000000111001111010110110
00000000000000011100111101011011
00000000000000001110011110101101
00000000000000101011011100001000
00000000000001001000011001100011
00000000000000110010101011011111
00000000000000010101101110000100
00000000000000011100111101011011
00000000000000000111001111010110
00000000000000110010101011011111
00000000000000010101101110000100
00000000000001001000011001100011
00000000000000110010101011011111
00000000000000110010101011011111
00000000000000000000000000000000
00000000000001000001001010001100
00000000000000000111001111010110
00000000000000111001111010110110
00000000000000100100001100110001
00000000000000010101101110000100
00000000000000110010101011011111
00000000000000000000000000000000
00000000000000010101101110000100
00000000000001000001001010001100
00000000000001000001001010001100
00000000000000111001111010110110
00000000000000011100111101011011
00000000000000000000000000000000
00000000000000000000000000000000
00000000000000011100111101011011
00000000000000111001111010110110
00000000000000101011011100001000
00000000000000011100111101011011
00000000000000000111001111010110
00000000000001000001001010001100
00000000000000010101101110000100
00000000000000011100111101011011
00000000000000010101101110000100
00000000000000100100001100110001
00000000000000001110011110101101
00000000000000110010101011011111
00000000000000000111001111010110
00000000000001000001001010001100
00000000000000111001111010110110
00000000000000010101101110000100
