00000000000000011001100110011001
00000000000000001100110011001100
00000000010100000000000000000000
00000000000100000000000000000000
00000000000000011001100110011001
00000000000100000000000000000000
00000000000100000000000000000000
00000000000000000000000000000000
00000000000000000000000000000000
00000000000000000000000000000000
00000000000000000000000000000000
00000000000000000000000000000000
00000000000000000000000000000000
00000000000000000000000000000000
00000000000000000000000000000000
00000000000000000000000000000000
00000000000000000000000000000000
00000000000000000000000000000000
00000000000000000000000000000000
00000000000000000000000000000000
00000000000000000000000000000000
00000000000000000000000000000000
00000000000000000000000000000000
00000000000000000000000000000000
00000000000000000000000000000000
00000000000000000000000000000000
00000000000000000000000000000000
00000000000000011001100110011001
00000000000000101001110011101110
00000000000000010100111001110111
00000000000000010100111001110111
00000000000000110100010000101001
00000000000000000101001110011101
00000000000000101001110011101110
00000000000000101111000010001011
00000000000000011111010110110010
00000000000000001111101011011001
00000000000000100100100101010000
00000000000000010100111001110111
00000000000000011010001000010100
00000000000000101111000010001011
00000000000000000101001110011101
00000000000000011010001000010100
00000000000000110100010000101001
00000000000000000101001110011101
00000000000000001010011100111011
00000000000000000000000000000000
00000000000000101001110011101110
00000000000000011111010110110010
00000000000000001111101011011001
00000000000000000101001110011101
00000000000000001010011100111011
00000000000000101001110011101110
00000000000000000101001110011101
00000000000000100100100101010000
00000000000000010100111001110111
00000000000000000101001110011101
00000000000000010100111001110111
00000000000000010100111001110111
00000000000000001010011100111011
00000000000000100100100101010000
00000000000000000101001110011101
00000000000000011111010110110010
00000000000000001010011100111011
00000000000000000000000000000000
00000000000000011010001000010100
00000000000000010100111001110111
00000000000000011111010110110010
00000000000000100100100101010000
00000000000000000101001110011101
00000000000000011111010110110010
00000000000000010100111001110111
00000000000000101111000010001011
00000000000000100100100101010000
00000000000000010100111001110111
00000000000000010100111001110111
00000000000000100100100101010000
00000000000000010100111001110111
00000000000000000000000000000000
00000000000000001111101011011001
00000000000000000101001110011101
00000000000000100100100101010000
00000000000000010100111001110111
00000000000000101001110011101110
00000000000000011111010110110010
00000000000000010100111001110111
00000000000000001111101011011001
00000000000000100100100101010000
00000000000000110100010000101001
00000000000000110100010000101001
00000000000000001010011100111011
00000000000000101111000010001011
00000000000000010100111001110111
00000000000000010100111001110111
00000000000000110100010000101001
00000000000000011010001000010100
00000000000000010100111001110111
00000000000000001111101011011001
00000000000000100100100101010000
00000000000000011111010110110010
00000000000000010100111001110111
00000000000000000101001110011101
00000000000000100100100101010000
00000000000000010100111001110111
00000000000000110100010000101001
00000000000000000101001110011101
00000000000000000101001110011101
00000000000000110100010000101001
00000000000000000101001110011101
00000000000000000101001110011101
00000000000000001010011100111011
00000000000000011111010110110010
00000000000000011010001000010100
00000000000000100100100101010000
00000000000000010100111001110111
00000000000000010100111001110111
00000000000000101001110011101110
00000000000000101111000010001011
00000000000000000000000000000000
00000000000000100100100101010000
00000000000000000000000000000000
00000000000000101001110011101110
00000000000000001010011100111011
00000000000000000101001110011101
00000000000000001010011100111011
00000000000000011111010110110010
00000000000000110100010000101001
00000000000000000101001110011101
00000000000000011010001000010100
00000000000000101001110011101110
00000000000000001111101011011001
00000000000000001010011100111011
00000000000000101001110011101110
00000000000000011010001000010100
00000000000000110100010000101001
00000000000000000000000000000000
00000000000000000000000000000000
00000000000000001010011100111011
00000000000000101111000010001011
00000000000000001010011100111011
00000000000000011111010110110010
00000000000000010100111001110111
00000000000000101001110011101110
00000000000000101001110011101110
00000000000000010100111001110111
00000000000000001010011100111011
00000000000000000101001110011101
00000000000000011010001000010100
00000000000000101001110011101110
00000000000000110100010000101001
00000000000000011111010110110010
00000000000000100100100101010000
00000000000000010100111001110111
00000000000000001010011100111011
00000000000000000000000000000000
00000000000000000000000000000000
00000000000000011111010110110010
00000000000000001111101011011001
00000000000000000000000000000000
00000000000000101111000010001011
00000000000000011111010110110010
00000000000000101111000010001011
00000000000000000101001110011101
00000000000000101111000010001011
00000000000000101111000010001011
00000000000000001010011100111011
00000000000000101001110011101110
00000000000000101001110011101110
00000000000000000101001110011101
00000000000000001010011100111011
00000000000000110100010000101001
00000000000000010100111001110111
00000000000000100100100101010000
00000000000000100100100101010000
00000000000000000101001110011101
00000000000000001010011100111011
00000000000000001010011100111011
00000000000000001010011100111011
00000000000000011010001000010100
00000000000000101111000010001011
00000000000000011111010110110010
00000000000000100100100101010000
00000000000000100100100101010000
00000000000000010100111001110111
00000000000000011111010110110010
00000000000000001111101011011001
00000000000000110100010000101001
00000000000000000101001110011101
00000000000000000101001110011101
00000000000000011010001000010100
00000000000000100100100101010000
00000000000000000101001110011101
00000000000000011010001000010100
00000000000000011010001000010100
00000000000000001010011100111011
00000000000000010100111001110111
00000000000000100100100101010000
00000000000000000000000000000000
00000000000000000000000000000000
00000000000000001111101011011001
00000000000000010100111001110111
00000000000000010100111001110111
00000000000000010100111001110111
00000000000000011010001000010100
00000000000000001010011100111011
00000000000000011111010110110010
00000000000000001010011100111011
00000000000000000101001110011101
00000000000000101111000010001011
00000000000000101111000010001011
00000000000000000000000000000000
00000000000000000000000000000000
00000000000000100100100101010000
00000000000000101001110011101110
00000000000000000101001110011101
00000000000000001010011100111011
00000000000000001111101011011001
00000000000000101001110011101110
00000000000000100100100101010000
00000000000000000101001110011101
00000000000000010100111001110111
00000000000000110100010000101001
00000000000000100100100101010000
00000000000000101001110011101110
00000000000000100100100101010000
00000000000000110100010000101001
00000000000000011010001000010100
00000000000000101111000010001011
00000000000000010100111001110111
00000000000000100100100101010000
00000000000000001010011100111011
00000000000000101111000010001011
00000000000000001111101011011001
00000000000000100100100101010000
00000000000000110100010000101001
00000000000000000101001110011101
00000000000000000101001110011101
00000000000000010100111001110111
00000000000000010100111001110111
00000000000000100100100101010000
00000000000000011010001000010100
00000000000000010100111001110111
00000000000000011010001000010100
00000000000000010100111001110111
00000000000000010100111001110111
00000000000000100100100101010000
00000000000000101111000010001011
00000000000000010100111001110111
00000000000000000000000000000000
00000000000000000101001110011101
00000000000000101001110011101110
00000000000000101001110011101110
00000000000000101001110011101110
00000000000000000000000000000000
00000000000000011111010110110010
00000000000000011010001000010100
00000000000000011010001000010100
00000000000000010100111001110111
00000000000000010100111001110111
00000000000000010100111001110111
00000000000000010100111001110111
00000000000000110100010000101001
00000000000000001010011100111011
00000000000000100100100101010000
00000000000000000101001110011101
00000000000000000000000000000000
00000000000000100100100101010000
00000000000000000000000000000000
00000000000000101111000010001011
00000000000000011111010110110010
00000000000000011111010110110010
00000000000000100100100101010000
00000000000000000101001110011101
00000000000000101111000010001011
00000000000000000000000000000000
00000000000000101111000010001011
00000000000000001010011100111011
00000000000000000000000000000000
00000000000000001111101011011001
00000000000000101001110011101110
00000000000000000000000000000000
00000000000000000000000000000000
00000000000000100100100101010000
00000000000000011010001000010100
00000000000000000000000000000000
00000000000000001010011100111011
00000000000000000101001110011101
00000000000000101111000010001011
00000000000000011010001000010100
00000000000000011111010110110010
00000000000000010100111001110111
00000000000000011010001000010100
00000000000000110100010000101001
00000000000000011111010110110010
00000000000000000101001110011101
00000000000000100100100101010000
00000000000000001111101011011001
00000000000000100100100101010000
00000000000000101111000010001011
00000000000000000000000000000000
00000000000000000000000000000000
00000000000000000101001110011101
00000000000000011010001000010100
00000000000000100100100101010000
00000000000000101111000010001011
00000000000000101001110011101110
00000000000000011111010110110010
00000000000000011010001000010100
00000000000000000000000000000000
00000000000000000101001110011101
00000000000000010100111001110111
00000000000000001010011100111011
00000000000000011111010110110010
00000000000000011010001000010100
00000000000000000101001110011101
00000000000000000101001110011101
00000000000000011111010110110010
00000000000000000000000000000000
00000000000000001010011100111011
00000000000000011111010110110010
00000000000000001010011100111011
00000000000000001010011100111011
00000000000000101001110011101110
00000000000000001111101011011001
00000000000000101001110011101110
00000000000000011111010110110010
00000000000000011111010110110010
00000000000000000000000000000000
00000000000000000101001110011101
00000000000000100100100101010000
00000000000000010100111001110111
00000000000000000000000000000000
00000000000000110100010000101001
00000000000000011111010110110010
00000000000000100100100101010000
00000000000000010100111001110111
00000000000000100100100101010000
00000000000000101111000010001011
00000000000000001111101011011001
00000000000000001010011100111011
00000000000000010100111001110111
00000000000000000101001110011101
00000000000000100100100101010000
00000000000000101001110011101110
00000000000000100100100101010000
00000000000000010100111001110111
00000000000000000101001110011101
00000000000000000101001110011101
00000000000000001010011100111011
00000000000000101111000010001011
00000000000000100100100101010000
00000000000000000101001110011101
00000000000000001010011100111011
00000000000000010100111001110111
00000000000000000101001110011101
00000000000000000000000000000000
00000000000000001010011100111011
00000000000000000000000000000000
00000000000000001010011100111011
00000000000000100100100101010000
00000000000000001010011100111011
00000000000000110100010000101001
00000000000000000000000000000000
00000000000000000101001110011101
00000000000000011010001000010100
00000000000000010100111001110111
00000000000000100100100101010000
00000000000000001010011100111011
00000000000000011010001000010100
00000000000000001111101011011001
00000000000000001010011100111011
00000000000000000000000000000000
00000000000000101001110011101110
00000000000000100100100101010000
00000000000000101001110011101110
00000000000000011111010110110010
00000000000000101111000010001011
00000000000000011010001000010100
00000000000000000000000000000000
00000000000000001111101011011001
00000000000000000101001110011101
00000000000000011111010110110010
00000000000000101111000010001011
00000000000000110100010000101001
00000000000000001010011100111011
00000000000000010100111001110111
00000000000000101111000010001011
00000000000000011010001000010100
00000000000000001010011100111011
00000000000000000000000000000000
00000000000000011010001000010100
00000000000000011111010110110010
00000000000000010100111001110111
00000000000000001010011100111011
00000000000000010100111001110111
00000000000000011111010110110010
00000000000000101111000010001011
00000000000000000000000000000000
00000000000000101001110011101110
00000000000000000101001110011101
00000000000000011010001000010100
00000000000000000000000000000000
00000000000000011111010110110010
00000000000000011111010110110010
00000000000000000000000000000000
00000000000000100100100101010000
00000000000000001111101011011001
00000000000000001010011100111011
