00000000000000011001100110011001
00000000000000001100110011001100
00000000010100000000000000000000
00000000000100000000000000000000
00000000000000011001100110011001
00000000000100000000000000000000
00000000000100000000000000000000
00000000000000000000000000000000
00000000000000000000000000000000
00000000000000000000000000000000
00000000000000000000000000000000
00000000000000000000000000000000
00000000000000000000000000000000
00000000000000000000000000000000
00000000000000000000000000000000
00000000000000000000000000000000
00000000000000000000000000000000
00000000000000000000000000000000
00000000000000000000000000000000
00000000000000000000000000000000
00000000000000000000000000000000
00000000000000000000000000000000
00000000000000000000000000000000
00000000000000000000000000000000
00000000000000000000000000000000
00000000000000011001100110011001
00000000000000000100110100010000
00000000000000001110011100110001
00000000000000110000001010100101
00000000000000000100110100010000
00000000000000000100110100010000
00000000000000100001101101110011
00000000000000100001101101110011
00000000000000100001101101110011
00000000000000010011010001000010
00000000000000011000000101010010
00000000000000100001101101110011
00000000000000001001101000100001
00000000000000011000000101010010
00000000000000010011010001000010
00000000000000100001101101110011
00000000000000110000001010100101
00000000000000000000000000000000
00000000000000000100110100010000
00000000000000100110100010000100
00000000000000001110011100110001
00000000000000100001101101110011
00000000000000100110100010000100
00000000000000001110011100110001
00000000000000001001101000100001
00000000000000000100110100010000
00000000000000010011010001000010
00000000000000001001101000100001
00000000000000100110100010000100
00000000000000100110100010000100
00000000000000110000001010100101
00000000000000010011010001000010
00000000000000100110100010000100
00000000000000000000000000000000
00000000000000001001101000100001
00000000000000001110011100110001
00000000000000100110100010000100
00000000000000101011010110010100
00000000000000100110100010000100
00000000000000101011010110010100
00000000000000101011010110010100
00000000000000010011010001000010
00000000000000000100110100010000
00000000000000100110100010000100
00000000000000101011010110010100
00000000000000011000000101010010
00000000000000011000000101010010
00000000000000100110100010000100
00000000000000101011010110010100
00000000000000010011010001000010
00000000000000011100111001100011
00000000000000110000001010100101
00000000000000110000001010100101
00000000000000001110011100110001
00000000000000101011010110010100
00000000000000000100110100010000
00000000000000110000001010100101
00000000000000000100110100010000
00000000000000010011010001000010
00000000000000010011010001000010
00000000000000001001101000100001
00000000000000110000001010100101
00000000000000011000000101010010
00000000000000110000001010100101
00000000000000101011010110010100
00000000000000110000001010100101
00000000000000110000001010100101
00000000000000001110011100110001
00000000000000011000000101010010
00000000000000000100110100010000
00000000000000100001101101110011
00000000000000100110100010000100
00000000000000000100110100010000
00000000000000011100111001100011
00000000000000110000001010100101
00000000000000010011010001000010
00000000000000010011010001000010
00000000000000011100111001100011
00000000000000001001101000100001
00000000000000001110011100110001
00000000000000011100111001100011
00000000000000011000000101010010
00000000000000101011010110010100
00000000000000000100110100010000
00000000000000011100111001100011
00000000000000101011010110010100
00000000000000000100110100010000
00000000000000100110100010000100
00000000000000101011010110010100
00000000000000110000001010100101
00000000000000011100111001100011
00000000000000110000001010100101
00000000000000110000001010100101
00000000000000011000000101010010
00000000000000100110100010000100
00000000000000110000001010100101
00000000000000000000000000000000
00000000000000011100111001100011
00000000000000001110011100110001
00000000000000000000000000000000
00000000000000000100110100010000
00000000000000100110100010000100
00000000000000100110100010000100
00000000000000100001101101110011
00000000000000001110011100110001
00000000000000101011010110010100
00000000000000000100110100010000
00000000000000110000001010100101
00000000000000110000001010100101
00000000000000000000000000000000
00000000000000000000000000000000
00000000000000101011010110010100
00000000000000110000001010100101
00000000000000000000000000000000
00000000000000110000001010100101
00000000000000100110100010000100
00000000000000000100110100010000
00000000000000001001101000100001
00000000000000001110011100110001
00000000000000011100111001100011
00000000000000100001101101110011
00000000000000001001101000100001
00000000000000010011010001000010
00000000000000010011010001000010
00000000000000010011010001000010
00000000000000110000001010100101
00000000000000000000000000000000
00000000000000100110100010000100
00000000000000110000001010100101
00000000000000110000001010100101
00000000000000001001101000100001
00000000000000100110100010000100
00000000000000011100111001100011
00000000000000001110011100110001
00000000000000000000000000000000
00000000000000011000000101010010
00000000000000001110011100110001
00000000000000100001101101110011
00000000000000000100110100010000
00000000000000000100110100010000
00000000000000010011010001000010
00000000000000010011010001000010
00000000000000011000000101010010
00000000000000000000000000000000
00000000000000100110100010000100
00000000000000000100110100010000
00000000000000011000000101010010
00000000000000000000000000000000
00000000000000100001101101110011
00000000000000100110100010000100
00000000000000011100111001100011
00000000000000000000000000000000
00000000000000100110100010000100
00000000000000101011010110010100
00000000000000010011010001000010
00000000000000010011010001000010
00000000000000100110100010000100
00000000000000001001101000100001
00000000000000011100111001100011
00000000000000100110100010000100
00000000000000101011010110010100
00000000000000110000001010100101
00000000000000000100110100010000
00000000000000001001101000100001
00000000000000000000000000000000
00000000000000000000000000000000
00000000000000101011010110010100
00000000000000011100111001100011
00000000000000101011010110010100
00000000000000001110011100110001
00000000000000100001101101110011
00000000000000011000000101010010
00000000000000001001101000100001
00000000000000101011010110010100
00000000000000110000001010100101
00000000000000001001101000100001
00000000000000110000001010100101
00000000000000110000001010100101
00000000000000110000001010100101
00000000000000011000000101010010
00000000000000001001101000100001
00000000000000011000000101010010
00000000000000001001101000100001
00000000000000100110100010000100
00000000000000001001101000100001
00000000000000101011010110010100
00000000000000010011010001000010
00000000000000001110011100110001
00000000000000100001101101110011
00000000000000100110100010000100
00000000000000011000000101010010
00000000000000011000000101010010
00000000000000001110011100110001
00000000000000000000000000000000
00000000000000000000000000000000
00000000000000001001101000100001
00000000000000000000000000000000
00000000000000000000000000000000
00000000000000011000000101010010
00000000000000100001101101110011
00000000000000100001101101110011
00000000000000001001101000100001
00000000000000100110100010000100
00000000000000101011010110010100
00000000000000000000000000000000
00000000000000001001101000100001
00000000000000100110100010000100
00000000000000011000000101010010
00000000000000110000001010100101
00000000000000011100111001100011
00000000000000011100111001100011
00000000000000110000001010100101
00000000000000100110100010000100
00000000000000100001101101110011
00000000000000000000000000000000
00000000000000001001101000100001
00000000000000100001101101110011
00000000000000101011010110010100
00000000000000110000001010100101
00000000000000001110011100110001
00000000000000001001101000100001
00000000000000011100111001100011
00000000000000011000000101010010
00000000000000110000001010100101
00000000000000100110100010000100
00000000000000101011010110010100
00000000000000011000000101010010
00000000000000001110011100110001
00000000000000100110100010000100
00000000000000011100111001100011
00000000000000100110100010000100
00000000000000101011010110010100
00000000000000100110100010000100
00000000000000100001101101110011
00000000000000101011010110010100
00000000000000000100110100010000
00000000000000000000000000000000
00000000000000100110100010000100
00000000000000101011010110010100
00000000000000010011010001000010
00000000000000010011010001000010
00000000000000101011010110010100
00000000000000110000001010100101
00000000000000101011010110010100
00000000000000000000000000000000
00000000000000000100110100010000
00000000000000001110011100110001
00000000000000011100111001100011
00000000000000011100111001100011
00000000000000001001101000100001
00000000000000001001101000100001
00000000000000110000001010100101
00000000000000000100110100010000
00000000000000010011010001000010
00000000000000010011010001000010
00000000000000001110011100110001
00000000000000100001101101110011
00000000000000100110100010000100
00000000000000010011010001000010
00000000000000110000001010100101
00000000000000000100110100010000
00000000000000000100110100010000
00000000000000001001101000100001
00000000000000000000000000000000
00000000000000000000000000000000
00000000000000101011010110010100
00000000000000101011010110010100
00000000000000100110100010000100
00000000000000001110011100110001
00000000000000000000000000000000
00000000000000010011010001000010
00000000000000010011010001000010
00000000000000110000001010100101
00000000000000110000001010100101
00000000000000000000000000000000
00000000000000011100111001100011
00000000000000001110011100110001
00000000000000011100111001100011
00000000000000100110100010000100
00000000000000001110011100110001
00000000000000011000000101010010
00000000000000100110100010000100
00000000000000001110011100110001
00000000000000010011010001000010
00000000000000101011010110010100
00000000000000001001101000100001
00000000000000100110100010000100
00000000000000010011010001000010
00000000000000010011010001000010
00000000000000011000000101010010
00000000000000000000000000000000
00000000000000001001101000100001
00000000000000110000001010100101
00000000000000011000000101010010
00000000000000101011010110010100
00000000000000100110100010000100
00000000000000011100111001100011
00000000000000001110011100110001
00000000000000101011010110010100
00000000000000100001101101110011
00000000000000001110011100110001
00000000000000000000000000000000
00000000000000011100111001100011
00000000000000101011010110010100
00000000000000001110011100110001
00000000000000110000001010100101
00000000000000011000000101010010
