00000000000000011001100110011001
00000000000000001100110011001100
00000000010100000000000000000000
00000000000100000000000000000000
00000000000000011001100110011001
00000000000100000000000000000000
00000000000100000000000000000000
00000000000000000000000000000000
00000000000000000000000000000000
00000000000000000000000000000000
00000000000000000000000000000000
00000000000000000000000000000000
00000000000000000000000000000000
00000000000000000000000000000000
00000000000000000000000000000000
00000000000000000000000000000000
00000000000000000000000000000000
00000000000000000000000000000000
00000000000000000000000000000000
00000000000000011001100110011001
00000000000000011000110100010010
00000000000000011000110100010010
00000000000000001100011010001001
00000000000000011000110100010010
00000000000000000110001101000100
00000000000000100101001110011011
00000000000000001100011010001001
00000000000000011000110100010010
00000000000000101011011011011111
00000000000000011000110100010010
00000000000000010010100111001101
00000000000000011000110100010010
00000000000000011000110100010010
00000000000000100101001110011011
00000000000000111110000010101101
00000000000000110111110101101000
00000000000000110111110101101000
00000000000000011000110100010010
00000000000000110111110101101000
00000000000000111110000010101101
00000000000000111110000010101101
00000000000000000000000000000000
00000000000000011000110100010010
00000000000000011000110100010010
00000000000000101011011011011111
00000000000000110111110101101000
00000000000000001100011010001001
00000000000000000110001101000100
00000000000000000110001101000100
00000000000000001100011010001001
00000000000000011000110100010010
00000000000000000000000000000000
00000000000000101011011011011111
00000000000000001100011010001001
00000000000000100101001110011011
00000000000000101011011011011111
00000000000000101011011011011111
00000000000000110111110101101000
00000000000000001100011010001001
00000000000000111110000010101101
00000000000000110001101000100100
00000000000000101011011011011111
00000000000000011000110100010010
00000000000000011000110100010010
00000000000000011000110100010010
00000000000000111110000010101101
00000000000000110111110101101000
00000000000000101011011011011111
00000000000000011111000001010110
00000000000000111110000010101101
00000000000000100101001110011011
00000000000000110111110101101000
00000000000000110111110101101000
00000000000000100101001110011011
00000000000000111110000010101101
00000000000000000110001101000100
00000000000000110111110101101000
00000000000000001100011010001001
00000000000000110111110101101000
00000000000000011111000001010110
00000000000000011111000001010110
00000000000000000000000000000000
00000000000000100101001110011011
00000000000000100101001110011011
00000000000000000110001101000100
00000000000000100101001110011011
00000000000000100101001110011011
00000000000000110111110101101000
00000000000000000110001101000100
00000000000000001100011010001001
00000000000000111110000010101101
00000000000000011111000001010110
00000000000000001100011010001001
00000000000000000000000000000000
00000000000000100101001110011011
00000000000000100101001110011011
00000000000000110001101000100100
00000000000000001100011010001001
00000000000000011000110100010010
00000000000000000110001101000100
00000000000000111110000010101101
00000000000000100101001110011011
00000000000000000000000000000000
00000000000000001100011010001001
00000000000000000110001101000100
00000000000000011000110100010010
00000000000000001100011010001001
00000000000000000000000000000000
00000000000000011000110100010010
00000000000000110111110101101000
00000000000000001100011010001001
00000000000000110001101000100100
00000000000000110111110101101000
00000000000000100101001110011011
00000000000000000000000000000000
00000000000000000110001101000100
00000000000000000000000000000000
00000000000000011000110100010010
00000000000000110001101000100100
00000000000000101011011011011111
00000000000000111110000010101101
00000000000000011000110100010010
00000000000000101011011011011111
00000000000000110111110101101000
00000000000000100101001110011011
00000000000000100101001110011011
00000000000000011000110100010010
00000000000000000000000000000000
00000000000000011000110100010010
00000000000000110001101000100100
00000000000000011000110100010010
00000000000000111110000010101101
00000000000000000000000000000000
00000000000000011000110100010010
00000000000000100101001110011011
00000000000000000110001101000100
00000000000000100101001110011011
00000000000000001100011010001001
00000000000000011000110100010010
00000000000000011000110100010010
00000000000000101011011011011111
00000000000000010010100111001101
00000000000000000000000000000000
00000000000000101011011011011111
00000000000000011000110100010010
00000000000000111110000010101101
00000000000000100101001110011011
00000000000000110001101000100100
00000000000000000000000000000000
00000000000000110001101000100100
00000000000000110001101000100100
00000000000000101011011011011111
