-41943 94371 31457 -52428 94371
94371 52428 -41943 -20971 31457
94371 -62914 -41943 10485 -104857
52428 -62914 94371 52428 83886
20971 62914 -62914 94371 -20971
62914 83886 83886 -73400 10485
52428 94371 83886 62914 -62914
62914 -94371 62914 -20971 10485
73400 -31457 -41943 -20971 -83886
41943 -73400 10485 83886 -73400
-52428 94371 -31457 62914 -83886
20971 -20971 -83886 73400 73400
-104857 31457 41943 -73400 94371
10485 -104857 -83886 -41943 -31457
-104857 -94371 -94371 -20971 -73400
-62914 -31457 -41943 -62914 31457
20971 -73400 -73400 73400 31457
-94371 41943 83886 20971 -94371
-83886 -104857 52428 104857 94371
-20971 62914 73400 94371 -20971
-73400 73400 62914 94371 -52428
41943 41943 10485 41943 -73400
20971 73400 10485 52428 62914
41943 73400 62914 -73400 -94371
20971 10485 -20971 -62914 52428
73400 94371 62914 83886 52428
-62914 -52428 -83886 41943 10485
83886 -83886 83886 52428 -20971
94371 83886 83886 -104857 -94371
-83886 -10485 -73400 -31457 20971
-41943 -94371 -94371 52428 -83886
73400 94371 -10485 -62914 -41943
-52428 -73400 10485 62914 -10485
-83886 10485 -10485 -20971 -62914
10485 41943 31457 10485 31457
-41943 10485 -41943 -83886 31457
-94371 20971 -62914 52428 -41943
31457 73400 -83886 -52428 41943
-94371 -73400 -73400 -62914 -10485
31457 94371 31457 -10485 20971
31457 -31457 41943 83886 20971
-62914 62914 20971 73400 -10485
-73400 20971 -10485 -10485 -94371
-41943 10485 62914 20971 20971
-52428 -10485 52428 94371 52428
-73400 73400 83886 94371 -20971
-83886 20971 -73400 94371 73400
31457 73400 -83886 41943 52428
94371 -20971 73400 73400 62914
20971 94371 20971 -83886 -62914
-20971 -83886 -41943 -104857 41943
73400 41943 -31457 -73400 62914
-52428 73400 -83886 62914 20971
73400 31457 94371 -31457 52428
-41943 52428 10485 31457 20971
-52428 -94371 -31457 73400 -31457
52428 52428 94371 52428 -10485
-83886 -104857 73400 -83886 -52428
-10485 73400 62914 94371 52428
-20971 20971 -10485 -31457 31457
62914 20971 73400 73400 94371
-73400 62914 62914 73400 94371
94371 31457 20971 -62914 -104857
-31457 -20971 20971 62914 -20971
-104857 83886 83886 41943 41943
10485 10485 62914 20971 10485
73400 -41943 41943 -62914 -52428
-52428 -73400 -52428 -62914 -52428
62914 -83886 -41943 -20971 52428
52428 41943 -41943 20971 41943
-73400 73400 20971 -94371 52428
62914 52428 83886 -41943 10485
41943 -94371 -10485 -20971 -10485
-73400 -20971 20971 20971 -52428
-10485 -31457 -52428 -62914 83886
-52428 -94371 94371 -41943 -62914
-52428 62914 20971 41943 83886
10485 -52428 73400 -10485 73400
-52428 -73400 -41943 10485 -83886
20971 -20971 62914 73400 83886
52428 94371 -41943 41943 -104857
-83886 -104857 -10485 31457 20971
-83886 -52428 -104857 20971 -52428
-41943 -31457 -73400 94371 -52428
-31457 20971 83886 10485 -10485
-41943 -10485 -41943 -83886 -52428
20971 41943 10485 41943 -10485
-73400 -52428 -104857 -83886 -73400
-10485 10485 -104857 83886 31457
-31457 -52428 20971 83886 -104857
-94371 -104857 -20971 -31457 83886
52428 73400 -73400 94371 52428
-83886 20971 -10485 -83886 -52428
94371 -83886 -31457 -31457 73400
94371 31457 52428 -41943 31457
41943 73400 20971 73400 20971
-62914 31457 -104857 73400 83886
62914 -31457 31457 73400 94371
-10485 -41943 -41943 62914 94371
62914 62914 -73400 41943 41943
