----------Report of Simulated Adiabatic Bifurcation-----------
The number of considered Spin 3
The considered Evolution Duration 100
The considered Repetition time 1
The considered number of fractional bit 20
The considered number of integer bit 12
The considered K 1048576
The considered Delta 1048576
The considered deltaT 104857
The considered xi 457636
The considered xi_h 30269781
The considered p_shape 52428
The solution found [ 1. -1.  1.]
The value found -6.0
The expected optimal value -6.0
The Success probability is 1.0
The average value is -6.0
The total execution time is 0
The list of values found 

-6.0



The list of values last execution 

-3.5
-3.5
-6.0
-6.0
-6.0
-6.0
-6.0
-6.0
-6.0
-6.0
-6.0
-6.0
-6.0
-6.0
-6.0
-6.0
-6.0
-6.0
-6.0
-6.0
-6.0
-6.0
-6.0
-6.0
-6.0
-6.0
-6.0
-6.0
-6.0
-6.0
-6.0
-6.0
-6.0
-6.0
-6.0
-6.0
-6.0
-6.0
-6.0
-6.0
-6.0
-6.0
-6.0
-6.0
-6.0
-6.0
-6.0
-6.0
-6.0
-6.0
-6.0
-6.0
-6.0
-6.0
-6.0
-6.0
-6.0
-6.0
-6.0
-6.0
-6.0
-6.0
-6.0
-6.0
-6.0
-6.0
-6.0
-6.0
-6.0
-6.0
-6.0
-6.0
-6.0
-6.0
-6.0
-6.0
-6.0
-6.0
-6.0
-6.0
-6.0
-6.0
-6.0
-6.0
-6.0
-6.0
-6.0
-6.0
-6.0
-6.0
-6.0
-6.0
-6.0
-6.0
-6.0
-6.0
-6.0
-6.0
-6.0



The list effective values average 

-3.5
-3.5
-6.0
-6.0
-6.0
-6.0
-6.0
-6.0
-6.0
-6.0
-6.0
-6.0
-6.0
-6.0
-6.0
-6.0
-6.0
-6.0
-6.0
-6.0
-6.0
-6.0
-6.0
-6.0
-6.0
-6.0
-6.0
-6.0
-6.0
-6.0
-6.0
-6.0
-6.0
-6.0
-6.0
-6.0
-6.0
-6.0
-6.0
-6.0
-6.0
-6.0
-6.0
-6.0
-6.0
-6.0
-6.0
-6.0
-6.0
-6.0
-6.0
-6.0
-6.0
-6.0
-6.0
-6.0
-6.0
-6.0
-6.0
-6.0
-6.0
-6.0
-6.0
-6.0
-6.0
-6.0
-6.0
-6.0
-6.0
-6.0
-6.0
-6.0
-6.0
-6.0
-6.0
-6.0
-6.0
-6.0
-6.0
-6.0
-6.0
-6.0
-6.0
-6.0
-6.0
-6.0
-6.0
-6.0
-6.0
-6.0
-6.0
-6.0
-6.0
-6.0
-6.0
-6.0
-6.0
-6.0
-6.0



The position evolution in the last run 




For the spin 0

0.0
0.0
4.291534423828125e-05
0.00017261505126953125
0.00043010711669921875
0.0008544921875
0.0014829635620117188
0.0023488998413085938
0.003482818603515625
0.004913330078125
0.0066661834716796875
0.008764266967773438
0.011228561401367188
0.014078140258789062
0.017332077026367188
0.02100849151611328
0.02512645721435547
0.02970600128173828
0.03476905822753906
0.04034137725830078
0.046451568603515625
0.05313587188720703
0.06043434143066406
0.06839656829833984
0.07708072662353516
0.08655452728271484
0.09689807891845703
0.10820674896240234
0.1205892562866211
0.13417434692382812
0.1491107940673828
0.16556930541992188
0.1837472915649414
0.2038707733154297
0.2261981964111328
0.2510251998901367
0.2786855697631836
0.3095560073852539
0.3440589904785156
0.38266563415527344
0.42589282989501953
0.4743013381958008
0.5284881591796875
0.5890693664550781
0.6566543579101562
0.7318058013916016
0.814976692199707
0.9064245223999023
1.0060920715332031
1.113459587097168
1.2273626327514648
1.345804214477539
1.4657888412475586
1.583235740661621
1.693058967590332
1.789475440979004
1.8665952682495117
1.9192352294921875
1.9438056945800781
1.9390220642089844
1.9062128067016602
1.8491172790527344
1.773238182067871
1.6849803924560547
1.5908164978027344
1.4966602325439453
1.407517433166504
1.3273801803588867
1.259298324584961
1.2055416107177734
1.1677885055541992
1.1473016738891602
1.1450634002685547
1.1618537902832031
1.1982717514038086
1.2546777725219727
1.331049919128418
1.426741600036621
1.5401363372802734
1.668208122253418
1.8060665130615234
1.9466094970703125
2.080524444580078
2.196892738342285
2.284579277038574
2.3342723846435547
2.3406333923339844
2.303727149963379
2.229090690612793
2.1264123916625977
2.0074281692504883
1.8838720321655273
1.7660455703735352
1.662175178527832
1.5783843994140625
1.5190095901489258
1.4870223999023438
1.4843873977661133
1.5122699737548828



For the spin 1

-0.010000228881835938
-0.01990032196044922
-0.029611587524414062
-0.039055824279785156
-0.048168182373046875
-0.05689430236816406
-0.06519412994384766
-0.07304000854492188
-0.0804147720336914
-0.08731460571289062
-0.09374618530273438
-0.09972763061523438
-0.1052865982055664
-0.11046123504638672
-0.1152963638305664
-0.11984729766845703
-0.1241750717163086
-0.12835025787353516
-0.1324481964111328
-0.1365518569946289
-0.14074993133544922
-0.1451396942138672
-0.14982318878173828
-0.15491104125976562
-0.1605215072631836
-0.16678142547607422
-0.1738290786743164
-0.18181324005126953
-0.19089698791503906
-0.20125865936279297
-0.21309471130371094
-0.2266216278076172
-0.2420806884765625
-0.25974082946777344
-0.27990150451660156
-0.30289554595947266
-0.32909679412841797
-0.3589191436767578
-0.3928213119506836
-0.4313087463378906
-0.4749298095703125
-0.5242729187011719
-0.5799541473388672
-0.6425952911376953
-0.7127923965454102
-0.7910652160644531
-0.8777799606323242
-0.9730510711669922
-1.0766010284423828
-1.1875972747802734
-1.3044605255126953
-1.4246826171875
-1.5446968078613281
-1.6598691940307617
-1.7646989822387695
-1.8532848358154297
-1.9200592041015625
-1.9606809616088867
-1.9728689193725586
-1.9569263458251953
-1.9157695770263672
-1.8544502258300781
-1.7793426513671875
-1.697239875793457
-1.614593505859375
-1.5370054244995117
-1.4689970016479492
-1.413987159729004
-1.374399185180664
-1.351822853088379
-1.3471755981445312
-1.3608217239379883
-1.3926353454589844
-1.4419879913330078
-1.5076751708984375
-1.5877742767333984
-1.679469108581543
-1.778883934020996
-1.8810052871704102
-1.979781150817871
-2.0685014724731445
-2.140501022338867
-2.190122604370117
-2.2137327194213867
-2.2104930877685547
-2.182607650756836
-2.134955406188965
-2.074230194091797
-2.0078821182250977
-1.9431514739990234
-1.8863763809204102
-1.8426122665405273
-1.8155012130737305
-1.8072891235351562
-1.8188972473144531
-1.8499774932861328
-1.898930549621582
-1.9628877639770508
-2.03769588470459



For the spin 2

0.0
0.0
2.09808349609375e-05
8.58306884765625e-05
0.00021457672119140625
0.00042629241943359375
0.00074005126953125
0.001171112060546875
0.001735687255859375
0.0024461746215820312
0.003314971923828125
0.004352569580078125
0.005568504333496094
0.006970405578613281
0.008564949035644531
0.010359764099121094
0.012361526489257812
0.014576911926269531
0.017014503479003906
0.019681930541992188
0.02259063720703125
0.02575397491455078
0.029186248779296875
0.032906532287597656
0.03693675994873047
0.04130363464355469
0.046039581298828125
0.051181793212890625
0.05677509307861328
0.06287288665771484
0.06953620910644531
0.07683658599853516
0.08485698699951172
0.09369468688964844
0.10346126556396484
0.11428546905517578
0.12631511688232422
0.1397228240966797
0.15470504760742188
0.17148780822753906
0.19033050537109375
0.2115316390991211
0.23543071746826172
0.26241588592529297
0.2929267883300781
0.32746124267578125
0.3665761947631836
0.4108924865722656
0.4610881805419922
0.5178928375244141
0.5820693969726562
0.6543807983398438
0.7355403900146484
0.8261289596557617
0.9264822006225586
1.0365266799926758
1.1555776596069336
1.2820892333984375
1.4133977890014648
1.5455093383789062
1.6730260848999023
1.7893295288085938
1.887125015258789
1.9593734741210938
2.0004730224609375
2.0073909759521484
1.980372428894043
1.9229545593261719
1.8412895202636719
1.743025779724121
1.6361351013183594
1.5279836654663086
1.4247856140136719
1.331425666809082
1.251535415649414
1.1877107620239258
1.1417760848999023
1.115020751953125
1.1083927154541016
1.1226158142089844
1.1582317352294922
1.2155561447143555
1.2945365905761719
1.3944988250732422
1.5137786865234375
1.6492433547973633
1.7957792282104492
1.9458789825439453
2.089590072631836
2.2151193618774414
2.310328483581543
2.365001678466797
2.3732776641845703
2.335282325744629
2.2572031021118164
2.1497650146484375
2.0258378982543945
1.8981304168701172
1.777632713317871



The momentum evolution in the last run 




For the spin 0

0.0
0.0004367828369140625
0.0013017654418945312
0.0025796890258789062
0.00424957275390625
0.006285667419433594
0.008661270141601562
0.011346817016601562
0.014313697814941406
0.017534255981445312
0.02098560333251953
0.024646759033203125
0.02850341796875
0.03254508972167969
0.036769866943359375
0.041182518005371094
0.04579639434814453
0.05063343048095703
0.055724143981933594
0.0611114501953125
0.06684684753417969
0.07299423217773438
0.07962989807128906
0.08684444427490234
0.0947427749633789
0.10344505310058594
0.11308956146240234
0.12383460998535156
0.13585948944091797
0.1493682861328125
0.16458988189697266
0.18178367614746094
0.20124053955078125
0.2232837677001953
0.2482738494873047
0.27660560607910156
0.30870819091796875
0.34503841400146484
0.38607025146484375
0.43227577209472656
0.48409175872802734
0.5418729782104492
0.6058177947998047
0.6758604049682617
0.7515239715576172
0.8317193984985352
0.9144859313964844
0.9966878890991211
1.0736827850341797
1.1390409469604492
1.1844291687011719
1.1998538970947266
1.174483299255371
1.0982427597045898
0.9641790390014648
0.7712106704711914
0.5264110565185547
0.2457103729248047
-0.04783439636230469
-0.32808494567871094
-0.5709552764892578
-0.7587928771972656
-0.8825807571411133
-0.9416427612304688
-0.9415626525878906
-0.8914318084716797
-0.8013753890991211
-0.6808195114135742
-0.5375680923461914
-0.37752819061279297
-0.20486164093017578
-0.02238178253173828
0.1679096221923828
0.36418819427490234
0.5640659332275391
0.7637262344360352
0.9569282531738281
1.1339550018310547
1.2807331085205078
1.378596305847168
1.4054450988769531
1.339162826538086
1.1636981964111328
0.8768739700317383
0.4969367980957031
0.06361579895019531
-0.36905670166015625
-0.7463617324829102
-1.0267887115478516
-1.1898422241210938
-1.235565185546875
-1.1782636642456055
-1.038701057434082
-0.8379087448120117
-0.5937442779541016
-0.3198671340942383
-0.026342391967773438
0.2788362503051758
0.5877161026000977



For the spin 1

-0.0989990234375
-0.09710693359375
-0.09443855285644531
-0.09111499786376953
-0.08725929260253906
-0.08299636840820312
-0.07845115661621094
-0.0737447738647461
-0.06899547576904297
-0.0643157958984375
-0.059813499450683594
-0.05558967590332031
-0.051738739013671875
-0.048348426818847656
-0.045501708984375
-0.04327583312988281
-0.04174327850341797
-0.04097175598144531
-0.04102897644042969
-0.04197978973388672
-0.04388999938964844
-0.0468292236328125
-0.05087089538574219
-0.05609607696533203
-0.06259536743164062
-0.07046985626220703
-0.07983779907226562
-0.09083271026611328
-0.10361099243164062
-0.11835289001464844
-0.13526630401611328
-0.15459060668945312
-0.17659854888916016
-0.20159912109375
-0.22994041442871094
-0.2620067596435547
-0.2982177734375
-0.339019775390625
-0.3848695755004883
-0.43620967864990234
-0.49343109130859375
-0.5568075180053711
-0.6264095306396484
-0.7019729614257812
-0.7827253341674805
-0.867152214050293
-0.9527111053466797
-1.0355052947998047
-1.1099653244018555
-1.168635368347168
-1.202225685119629
-1.2001428604125977
-1.1517248153686523
-1.0482978820800781
-0.885859489440918
-0.6677446365356445
-0.40621185302734375
-0.12187385559082031
0.15943145751953125
0.4115781784057617
0.6132011413574219
0.7510871887207031
0.8210353851318359
0.82647705078125
0.7758903503417969
0.6800899505615234
0.5501070022583008
0.3958911895751953
0.2257699966430664
0.046477317810058594
-0.1364612579345703
-0.3181295394897461
-0.4935283660888672
-0.6568746566772461
-0.8009910583496094
-0.9169445037841797
-0.9941482543945312
-1.0212116241455078
-0.987757682800293
-0.8872041702270508
-0.7199974060058594
-0.4962129592895508
-0.2360982894897461
0.032402992248535156
0.2788562774658203
0.47652721405029297
0.6072607040405273
0.6634902954101562
0.6473150253295898
0.5677604675292969
0.4376516342163086
0.2711191177368164
0.082122802734375
-0.11607551574707031
-0.3107948303222656
-0.48952484130859375
-0.6395673751831055
-0.7480831146240234
-0.8028802871704102



For the spin 2

0.0
0.00021839141845703125
0.0006513595581054688
0.0012903213500976562
0.0021238327026367188
0.0031385421752929688
0.004319190979003906
0.005649566650390625
0.007114410400390625
0.008697509765625
0.01038360595703125
0.0121612548828125
0.014019966125488281
0.015951156616210938
0.01795196533203125
0.020020484924316406
0.022159576416015625
0.024376869201660156
0.026683807373046875
0.02909564971923828
0.03163433074951172
0.03432655334472656
0.03720378875732422
0.04030418395996094
0.04367256164550781
0.04736042022705078
0.05142688751220703
0.05594158172607422
0.06098175048828125
0.06663703918457031
0.07300853729248047
0.08021259307861328
0.08838176727294922
0.09766769409179688
0.10824298858642578
0.12030506134033203
0.1340799331665039
0.1498241424560547
0.1678323745727539
0.18843746185302734
0.21201801300048828
0.2389993667602539
0.26985740661621094
0.3051166534423828
0.3453493118286133
0.3911600112915039
0.44316577911376953
0.5019607543945312
0.5680522918701172
0.6417703628540039
0.7231245040893555
0.8116035461425781
0.9058980941772461
1.0035390853881836
1.1004581451416016
1.1905193328857422
1.2651243209838867
1.3130950927734375
1.321126937866211
1.2751779556274414
1.163041114807129
0.9779644012451172
0.7224950790405273
0.41100215911865234
0.069183349609375
-0.2701864242553711
-0.5741748809814453
-0.816650390625
-0.9826374053955078
-1.0689077377319336
-1.0815200805664062
-1.0319795608520508
-0.9335994720458984
-0.7989044189453125
-0.6382408142089844
-0.4593467712402344
-0.2675457000732422
-0.06627273559570312
0.14223575592041016
0.35616302490234375
0.5732488632202148
0.7898101806640625
0.9996366500854492
1.1928081512451172
1.3546581268310547
1.465367317199707
1.5010156631469727
1.4371271133422852
1.2553071975708008
0.9521007537841797
0.5467395782470703
0.0827627182006836
-0.37995243072509766
-0.7807960510253906
-1.0743789672851562
-1.2392730712890625
-1.2770805358886719
-1.2049779891967773
-1.0468053817749023
